character name,Appearances,Minor Appearances,Mentions,Total Appearances (Full and Minor),Appearances and Mentions (Full + Minor + Mentions)
Krakoa,200,8,38,208,246
Professor X (Charles Xavier),96,9,48,105,153
Wolverine (James Howlett),90,9,22,99,121
Storm (Ororo Munroe),90,8,4,98,102
Jean Grey,89,5,12,94,106
Magneto (Max Eisenhardt),83,3,23,86,109
White Queen (Emma Frost),79,6,17,85,102
Cyclops (Scott Summers),76,8,16,84,100
Quiet Council of Krakoa,68,4,44,72,116
Nightcrawler (Kurt Wagner),66,4,8,70,78
Beast (Henry McCoy),62,1,20,63,83
Mister Sinister (Nathaniel Essex),61,2,10,63,73
Mystique (Raven Darkh√∂lme),57,4,1,61,62
Black King (Sebastian Shaw),54,1,4,55,59
Shadowcat (Kitty Pryde),54,4,8,58,66
Magik (Illyana Rasputina),49,3,7,52,59
Bennet du Paris,47,3,2,50,52
Cypher (Douglas Ramsey),45,0,20,45,65
Apocalypse (En Sabah Nur),44,5,27,49,76
Cable (Nathan Summers),43,2,11,45,56
Sage,42,6,21,48,69
X-Force (Strike Team),42,3,15,45,60
Kwannon,41,0,2,41,43
Iceman (Bobby Drake),40,1,2,41,43
Jubilee (Jubilation Lee),40,0,2,40,42
Colossus (Piotr Rasputin),39,3,9,42,51
Warlock,38,2,4,40,44
Havok (Alexander Summers),36,2,5,38,43
Gambit (Remy LeBeau),35,0,2,35,37
Psylocke (Betsy Braddock),35,4,10,39,49
Hope Summers,35,1,1,36,37
Angel (Warren Worthington III),35,2,1,37,38
Laura Kinney,34,1,4,35,39
Rogue (Anna Marie),34,3,4,37,41
Rictor (Julio Richter),33,0,0,33,33
Neena Thurman,33,4,3,37,40
Fabio Medina,33,1,1,34,35
New Mutants,32,0,1,32,33
Quintavius Quire,32,3,2,35,37
Marauders (Pryde),32,1,6,33,39
Joshua Foley,31,1,1,32,33
Hellfire Club,31,0,13,31,44
Five,31,1,26,32,58
Pyro,31,2,4,33,37
Proteus (Kevin MacTaggert),30,1,4,31,35
Eva Bell,30,1,0,31,31
Lucas Bishop (Earth-1191),30,1,9,31,40
Excalibur,29,0,5,29,34
Phoebe Cuckoo,29,1,4,30,34
Rachel Summers,29,0,4,29,33
X-Men,28,4,29,32,61
Megan Gwynn,28,0,0,28,28
Mirage (Danielle Moonstar),28,0,1,28,29
Stepford Cuckoos,28,1,10,29,39
Black Tom Cassidy,27,1,11,28,39
Banshee (Sean Cassidy),27,3,2,30,32
Forge,25,0,28,25,53
Shogo Lee,25,0,3,25,28
Arakko,25,1,21,26,47
Karma (Xi'an Coy Manh),25,0,1,25,26
Opal Luna Saturnyne (Earth-9),25,0,14,25,39
Victor Borkowski,24,0,0,24,24
Akihiro,24,1,3,25,28
Orchis,24,3,10,27,37
Everett Thomas,24,0,3,24,27
Sentient World Observation and Response Department,24,0,5,24,29
Cannonball (Samuel Guthrie),23,2,1,25,26
Blob,22,3,3,25,28
Captain Britain (Brian Braddock),22,2,8,24,32
Polaris (Lorna Dane),22,1,6,23,29
Meggan Puceanu,21,1,5,22,27
Wolfsbane (Rahne Sinclair),21,1,1,22,23
Joanna Cargill,21,0,0,21,21
Nanny,21,0,0,21,21
Esme Cuckoo,21,1,3,22,25
Gabrielle Kinney,21,0,0,21,21
Lockheed,21,1,1,22,23
Monet St. Croix,21,0,2,21,23
Scalphunter,21,0,0,21,21
Irma Cuckoo,21,1,1,22,23
Sophie Cuckoo,20,1,2,21,23
Hisako Ichiki,20,0,0,20,20
Sunfire (Shiro Yoshida),20,1,3,21,24
Monarch (James Braddock Jr.),20,2,10,22,32
Isca,19,0,3,19,22
Celeste Cuckoo,19,1,1,20,21
Kyle Gibney,19,1,0,20,20
Christian Frost,19,0,2,19,21
Hellions (Essex),18,0,3,18,21
Bei,18,0,2,18,20
Robert Herman,18,1,1,19,20
Abigail Brand,18,2,2,20,22
War (First Horsemen),17,2,2,19,21
Destiny (Irene Adler),17,1,2,18,20
Warpath (James Proudstar),17,0,4,17,21
Empath (Manuel de la Rocha),17,0,1,17,18
Callisto,17,1,0,18,18
Moira MacTaggert,17,3,8,20,28
Captain America (Steve Rogers),16,2,1,18,19
Death (First Horsemen),16,2,3,18,21
Multiple Man (James Madrox),16,1,0,17,17
Sunspot (Roberto da Costa),16,3,3,19,22
Orphan-Maker (Peter),16,0,2,16,18
Eden Fesi,16,0,1,16,17
Jean-Paul Beaubier,15,1,3,16,19
Alani Ryan,15,0,0,15,15
XENO,15,1,6,16,22
Natashia Repina,15,0,0,15,15
Boom-Boom (Tabitha Smith),15,0,1,15,16
Swordbearers of Krakoa,15,1,1,16,17
Cecilia Reyes,14,0,10,14,24
Amahl Farouk,14,0,0,14,14
Sabretooth (Victor Creed),14,5,4,19,23
Jeanne-Marie Beaubier,13,0,1,13,14
Imperial Guard,13,0,4,13,17
Tomi Shishido,13,4,8,17,25
Kallark,13,0,1,13,14
Wilhelmina Kensington,13,0,0,13,13
Dazzler (Alison Blaire),13,1,4,14,18
Pestilence (First Horsemen),13,2,3,15,18
Avengers,13,0,10,13,23
Carl Aalston,13,0,0,13,13
Jonothon Starsmore,13,0,0,13,13
X-Factor Investigations,13,1,5,14,19
Selene Gallio,12,0,3,12,15
Famine (First Horsemen),12,2,3,14,17
Fabian Cortez,12,0,1,12,13
Mondo,12,0,0,12,12
Lost Club,12,0,0,12,12
Roxanne Washington,12,0,0,12,12
Trevor Hawkins,12,1,0,13,13
Fury (Earth-238),12,0,2,12,14
Horsemen of Apocalypse,12,2,3,14,17
Gabriel Summers,12,0,2,12,14
Arkady Rossovich,12,3,1,15,16
Takeshi Matsuya,12,0,0,12,12
Anthony Stark,12,0,5,12,17
Swordbearers of Arakko,12,0,4,12,16
Homines Verendi,12,0,8,12,20
Shinobi Shaw,12,0,3,12,15
Kade Kilgore,12,0,0,12,12
Magma (Amara Aquilla),12,3,1,15,16
X-Corporation,11,0,8,11,19
Deathbird,11,0,1,11,12
Heather Tucker,11,0,3,11,14
Martha Johansson,11,0,0,11,11
David Alleyne,11,1,2,12,14
Genesis,11,2,6,13,19
Sooraya Qadir,11,0,0,11,11
Kuan-Yin Xorn,11,0,3,11,14
Healer (Morlock),11,0,2,11,13
Xandra Neramani,11,1,5,12,17
Shen Xorn,11,0,2,11,13
Great Ring of Arakko,10,0,3,10,13
Santo Vaccarro,10,0,6,10,16
Legion (David Haller),10,0,4,10,14
Manuel Enduque,10,0,0,10,10
White Sword,10,0,2,10,12
James Bradley,10,0,2,10,12
Peter Wisdom,10,1,3,11,14
The Thing,10,1,0,11,11
Reavers,10,0,4,10,14
Summoner (Arakko),10,0,3,10,13
James Jaspers,10,1,4,11,15
Guido,9,0,1,9,10
Coven Akkaba,9,1,5,10,15
Scarlet Witch (Wanda Maximoff),9,5,11,14,25
Doctor Strange,9,1,3,10,13
Alia Gregor,9,0,1,9,10
Karima Shapandar,9,1,2,10,12
Kyle Jinadu,9,0,1,9,10
Cameron Hodge,9,0,2,9,11
Lost (Marinette),9,0,0,9,9
X-Factor,9,0,0,9,9
Amazing Baby,9,0,0,9,9
Jumbo Carnation,9,1,12,10,22
Man with the Peacock Tattoo,9,4,1,13,14
Delores Ramirez,9,0,4,9,13
Masque,9,0,0,9,9
Mastermind (Jason Wyngarde),9,0,0,9,9
Mortimer Toynbee,9,1,2,10,12
Chen Zhao,9,0,2,9,11
Mikhail Rasputin,9,1,2,10,12
Cessily Kincaid,9,0,0,9,9
Madelyne Pryor,8,4,7,12,19
T'Challa,8,0,3,8,11
Elizabeth Braddock (Earth-904),8,0,0,8,8
Killian Devo,8,1,3,9,12
Desmond Ochoa-Diaz,8,0,2,8,10
Isabel Kane,8,1,2,9,11
Artie Maddicks,8,0,2,8,10
Forearm,8,0,0,8,8
Morgan Le Fay,8,0,14,8,22
Juggernaut (Cain Marko),8,1,4,9,13
Rusty Collins,8,0,0,8,8
Central Intelligence Agency,8,0,10,8,18
Sybil (Oracle),8,0,0,8,8
Marshall Stone III,8,0,0,8,8
Violet Swan (Earth-8311),7,0,0,7,7
Margaret Braddock,7,0,6,7,13
Marianna Stern,7,2,0,9,9
Iara Dos Santos,7,0,0,7,7
Arthur Pendragon,7,0,4,7,11
Great Captains of Krakoa,7,0,12,7,19
Elspeth Braddock (Earth-13059),7,0,0,7,7
Henry Gyrich,7,0,6,7,13
Pogg Ur-Pogg,7,0,1,7,8
Tarn (Arakkii),7,1,4,8,12
Mister Fantastic,7,0,1,7,8
Paibok,7,0,0,7,7
Kree/Skrull Alliance,7,0,2,7,9
Curse (Mutant),7,0,0,7,7
Nathaniel Essex (Locus Vile),7,0,0,7,7
Christoph Nord,7,0,0,7,7
Solem,7,1,2,8,10
Maximilian Frankenstein,7,0,1,7,8
Manon (Mutant) (Earth-TRN727),7,0,1,7,8
Reuben Brousseau,7,2,2,9,11
Jonathan,6,0,0,6,6
Broo,6,0,1,6,7
Russian Armed Forces,6,1,2,7,9
Mark Sheppard,6,0,0,6,6
Tower,6,0,0,6,6
Khora,6,0,2,6,8
Manta,6,0,0,6,6
Peter Quinn,6,0,0,6,6
Nezhno Abidemi,6,0,1,6,7
Empyre,6,0,0,6,6
Onslaught (Psychic Entity),6,0,1,6,7
Doctor Doom,6,0,1,6,7
Doctor Stasis,6,1,1,7,8
James Howlett (Earth-TRN959),6,0,0,6,6
Carl Valentino,6,0,0,6,6
One Hundred Champions,6,0,1,6,7
Thor Odinson,6,1,2,7,9
Nimrod,6,2,3,8,11
Fantastic Four,6,0,2,6,8
Xilo,6,0,3,6,9
Right,6,0,1,6,7
Janet Van Dyne,6,0,0,6,6
Marrow (Sarah),6,0,1,6,7
Edith Scutch,6,0,0,6,6
Kelvin Heng,6,0,0,6,6
Paige Guthrie,6,1,0,7,7
Jeffrey Bannister,6,0,1,6,7
Jacob Williams,6,0,0,6,6
Benjamin Urich,6,0,6,6,12
Gateway,6,1,1,7,8
Hordeculture,6,0,1,6,7
Team X,6,1,1,7,8
Augusta Bromes,6,0,0,6,6
Maxime (Mutant) (Earth-TRN727),6,0,1,6,7
Lily Leymus,5,0,0,5,5
Corsair (Christopher Summers),5,1,0,6,6
Mentor III,5,0,0,5,5
Britannica Rex (Earth-99476),5,0,0,5,5
Feilong Industries,5,0,2,5,7
Opal Vetiver,5,0,0,5,5
Wilson Fisk,5,0,2,5,7
Black Air,5,0,1,5,6
Idie Okonkwo,5,0,0,5,5
Okkara,5,2,5,7,12
Ai Tran,5,0,0,5,5
Petra (Construct),5,0,0,5,5
Marauders,5,0,3,5,8
MI13,5,0,2,5,7
Order of X,5,0,5,5,10
X-Desk,5,0,4,5,9
Morlocks,5,1,5,6,11
Vlad Dracula,5,0,4,5,9
Wildside,5,1,0,6,6
Redroot,5,1,5,6,11
Cassandra Nova Xavier,5,0,0,5,5
Prism (Robbie),5,1,1,6,7
Vampire Nation,5,0,2,5,7
Doop,5,1,0,6,6
Clarice Ferguson,5,0,1,5,6
Harpoon,5,1,0,6,6
Vera Cantor,5,0,0,5,5
Quicksilver (Pietro Maximoff),5,0,2,5,7
George Blair,5,0,0,5,5
Lila Cheney,5,2,0,7,7
Maggott (Japheth),5,0,0,5,5
Miranda Manuel,5,0,0,5,5
Regan Wyngarde,5,0,0,5,5
Orbis Stellaris,5,0,1,5,6
Vision,5,0,0,5,5
Kayla (Mutant),5,0,0,5,5
Susan Storm,5,0,2,5,7
Angelo Espinosa,5,0,1,5,6
Natalia Vollock,5,0,0,5,5
Nimrod (Earth-TRN753),5,0,0,5,5
Librarian (Earth-TRN753),5,0,0,5,5
Damage Control,5,0,3,5,8
Lodus Logos,4,0,2,4,6
Arclight,4,1,0,5,5
Tarq,4,0,0,4,4
Brakka,4,0,0,4,4
Kron,4,0,0,4,4
Spaceknights (Galadorian),4,0,1,4,5
Apoth,4,1,2,5,7
Meredith Milly,4,0,0,4,4
Alpha Flight (Space Program),4,0,5,4,9
Lactuca,4,1,1,5,6
Michael Baer,4,1,0,5,5
Hepzibah,4,1,0,5,5
Ch'od,4,1,0,5,5
Raza Longknife,4,1,1,5,6
Colin McKay,4,0,0,4,4
Starjammers,4,1,0,5,5
Serafina,4,0,0,4,4
Sobunar III,4,2,2,6,8
Ora Serrata,4,0,4,4,8
Locus Vile,4,0,2,4,6
Fish (Mutant),4,0,1,4,5
Sway (Construct),4,0,0,4,4
Delphos,4,0,0,4,4
ForgetMeNot (Xabi),4,0,1,4,5
Kin Crimson,4,0,0,4,4
Niket Prasad,4,0,0,4,4
Josiah Guthrie,4,0,4,4,8
Maria Menklin,4,0,0,4,4
Explodey Boy (Zombie),4,0,0,4,4
Jonathan Storm,4,0,0,4,4
Scrambler,4,1,1,5,6
Idyll III,4,1,1,5,6
Horsemen of Apocalypse (Earth-TRN756),4,0,0,4,4
Mother Rapture,4,0,0,4,4
Hex Butcher,4,0,0,4,4
Amino Fetus,4,0,0,4,4
Sick Bird,4,0,0,4,4
Annihilation,4,1,0,5,5
Skids,4,0,1,4,5
Nimrod (Earth-TRN756),4,0,1,4,5
Bohem Cartel,4,0,3,4,7
Excalibur (Earth-TRN839),4,2,0,6,6
Lourdes Chantel,4,0,1,4,5
Ben Hammil,4,0,0,4,4
Jennifer Walters,4,0,0,4,4
Namor McKenzie,4,0,3,4,7
Binary (Carol Danvers),4,0,1,4,5
Thomas Shepherd,4,1,0,5,5
Jia Jing,4,0,0,4,4
Shilpa Khatri,4,0,1,4,5
Lin Li,4,1,1,5,6
N.Y.P.D.,4,0,2,4,6
John Proudstar,4,3,2,7,9
James Hudson,4,0,0,4,4
Marvin Flumm,4,1,2,5,7
Jesse Aaronson,4,0,0,4,4
Angel Salvadore,4,0,4,4,8
Donald Pierce,4,0,3,4,7
Trish Tilby,4,0,1,4,5
Man-Machine Ascendancy (Earth-TRN753),4,1,0,5,5
Siryn (Theresa Cassidy),4,2,0,6,6
Finnegan,4,0,0,4,4
Cam Long,4,0,0,4,4
Julio Richter (Earth-TRN839),4,2,0,6,6
Remy LeBeau (Earth-TRN839),4,2,0,6,6
Silver Samurai,4,1,2,5,7
Elizabeth Braddock (Earth-8101),4,0,0,4,4
Avalanche,4,1,1,5,6
Malice (Alice MacAllister),4,0,1,4,5
Rogue (Anna Marie) (Earth-TRN839),4,2,0,6,6
Hive (Symbiotes),3,0,0,3,3
Ruth Aldine,3,0,3,3,6
OS017-005,3,0,0,3,3
OS017-004,3,0,0,3,3
OS017-001,3,0,0,3,3
OS017-003,3,0,0,3,3
OS017-002,3,0,0,3,3
Lethal Legion (OS017-Series),3,0,0,3,3
William Kaplan,3,0,5,3,8
Cordyceps Jones,3,0,0,3,3
Kevin Mulhearn,3,0,0,3,3
Galactic Rim Collective,3,0,1,3,4
Third Eye (Mutant),3,0,0,3,3
Captain Amphibian (Earth-22),3,0,0,3,3
Davan Shakari,3,1,0,4,4
Alison Double,3,0,0,3,3
Christopher Colchiss,3,0,0,3,3
Legionaries,3,0,1,3,4
Brotherhood of Arakko,3,0,0,3,3
Jubilation Lee (Earth-TRN839),3,2,1,5,6
Zsen,3,0,1,3,4
Fisher King,3,0,0,3,3
Inward Watch,3,0,0,3,3
Paulie DiCosta,3,0,0,3,3
Isabelle Donovan,3,0,0,3,3
Thomas Lennox,3,0,0,3,3
Mole (Morlock),3,0,0,3,3
Nekra Sinclair,3,0,0,3,3
Feral,3,1,0,4,4
Madison Jeffries,3,0,0,3,3
Benedict Xavier,3,0,0,3,3
S.T.R.I.K.E. Psi Division,3,0,0,3,3
Metropolitan Police Service,3,0,0,3,3
Christopher Muse,3,0,0,3,3
Mordred,3,0,3,3,6
Josh Glenn,3,0,0,3,3
Rosie Rodriguez,3,0,0,3,3
Captain Plumdragon (Earth-2112),3,0,0,3,3
Sevyr Blackmore,3,0,1,3,4
Boneclutch,3,0,0,3,3
Hellions,3,0,0,3,3
Elektra Natchios,3,0,1,3,4
Merchant,3,0,0,3,3
Flower Cartel,3,0,1,3,4
Deadpool (Wade Wilson),3,0,2,3,5
Fenris,3,0,0,3,3
Andreas von Strucker,3,0,0,3,3
Andrea von Strucker,3,0,0,3,3
Wendy Sherman,3,0,2,3,5
Hand,3,0,5,3,8
Black Bishop (Harry Leland),3,0,2,3,5
Leonara Eng,3,0,0,3,3
Caliban,3,0,0,3,3
Shuri,3,0,0,3,3
Vanisher,3,0,0,3,3
Madripoor Police Force,3,0,1,3,4
Catseye,3,0,0,3,3
Joshua Engelhard,3,0,1,3,4
Roulette,3,0,0,3,3
Barnell Bohusk,3,0,5,3,8
Freedom Force,3,0,0,3,3
Timeshadow,3,0,0,3,3
Charles Bohusk,3,0,4,3,7
Candy Southern,3,0,0,3,3
Susan (ZETA Team),3,0,0,3,3
Barker (ZETA Team),3,0,0,3,3
Martinez (ZETA Team),3,0,0,3,3
Cobb (ZETA Team),3,0,0,3,3
ZETA Team,3,0,0,3,3
Miss Locke (Android),3,0,0,3,3
Arcade,3,0,3,3,6
T√∫mulo,3,0,2,3,5
Kara Bohusk,3,0,1,3,4
Mudgear,3,1,0,4,4
Axel Bohusk,3,0,1,3,4
Tito Bohusk,3,0,1,3,4
Janos Quested,3,1,0,4,4
Erg,3,1,0,4,4
Elizabeth Braddock (Earth-TRN904),3,0,1,3,4
Vicki Reppion,3,0,0,3,3
Marius St. Croix,3,0,1,3,4
Cardinal (X-Men) (Earth-TRN756),3,1,0,4,4
En Sabah Nur (Earth-TRN756),3,0,2,3,5
X-Men (Earth-TRN756),3,1,1,4,5
Joshua Guthrie,3,0,0,3,3
United Nations Security Council,3,0,0,3,3
City,3,0,0,3,3
Fuego,3,0,0,3,3
Ma Mingyu,3,0,0,3,3
Aguja,3,0,0,3,3
Sangre (Children of the Vault),3,0,0,3,3
Perro,3,0,0,3,3
Armando Mu√±oz,3,0,0,3,3
Amelia Voght,3,0,1,3,4
Summoners,3,0,1,3,4
Man-Machine Supremacy (Earth-TRN756),3,0,0,3,3
North (Earth-TRN756),3,0,0,3,3
Krakoa (Earth-TRN756),3,0,0,3,3
Prime Sentinels,3,0,2,3,5
Children of the Vault,3,0,3,3,6
Smyth (Orchis),3,0,0,3,3
Kuan-Yin Xorn (Earth-TRN756),3,0,0,3,3
James Howlett (Earth-TRN756),3,1,0,4,4
Accuser Corps,3,0,0,3,3
Douglas Ramsey (Earth-TRN756),3,0,0,3,3
Elders (Man-Machine Ascendancy) (Earth-TRN753),3,1,0,4,4
Rasputin IV (Earth-TRN756),3,1,0,4,4
Gunther Bain,3,0,0,3,3
United Nations,3,0,8,3,11
Erasmus Mendel,3,0,4,3,7
Bruce Banner,2,1,2,3,5
Elizabeth Braddock (Earth-6),2,0,0,2,2
Aleksei Sytsevich,2,0,0,2,2
Quicksand (Nguyet),2,0,1,2,3
Saucier,2,0,2,2,4
Primus (Android),2,0,0,2,2
Cable's Symbiote,2,0,0,2,2
Alliance of Evil,2,0,0,2,2
Karima Shapandar (Earth-TRN756),2,0,0,2,2
Kathy Bohusk,2,1,4,3,7
Mercs (Maverick),2,0,0,2,2
James Boggs,2,0,0,2,2
Katherine Huggen (Earth-523),2,0,1,2,3
Miranda Leevald,2,0,0,2,2
Susan Nowlan,2,0,1,2,3
Herbert Wyndham,2,0,1,2,3
Nicholas Gleason,2,1,0,3,3
Franklin Richards,2,1,2,3,5
Justicar Druidica (Earth-14),2,0,0,2,2
Paul Peltier (Earth-1812),2,0,0,2,2
Elizabeth Braddock (Earth-812),2,0,0,2,2
Nightguard,2,0,1,2,3
M.O.D.O.K. Superior,2,0,0,2,2
Captaine Angland (Earth-305),2,0,0,2,2
Green Woman (Earth-99),2,0,0,2,2
Captain Krakoica (Earth-78),2,0,0,2,2
Tran Coy Manh,2,2,0,4,4
Sister Britain (Earth-65),2,0,0,2,2
Itsu,2,2,0,4,4
Alpha Briton (Earth-33),2,0,0,2,2
James Howlett (Earth-TRN753),2,1,0,3,3
Figaro (Cat),2,0,5,2,7
Elizander Braddock (Earth-15),2,0,0,2,2
Bornan,2,0,0,2,2
Ivan Prokopovych,2,0,0,2,2
Linda McQuillan (Earth-238),2,0,1,2,3
Alak-Rah,2,0,1,2,3
Garbha-Hsien,2,0,0,2,2
Neutron II,2,0,1,2,3
Nicodemus (Mutant),2,0,0,2,2
Fabian Marechal-Julbin,2,0,0,2,2
Theodore Altman,2,0,4,2,6
Explodey Boy,2,0,0,2,2
Julian Keller,2,0,0,2,2
Julia Carpenter,2,0,0,2,2
Conan O'Brien,2,0,0,2,2
Sega,2,0,0,2,2
Richard Rider,2,0,1,2,3
St. John Allerdyce (Earth-TRN750),2,2,0,4,4
Deen Lorix,2,0,0,2,2
Qqoi,2,0,0,2,2
Warshot,2,0,0,2,2
Black Cloak II,2,0,0,2,2
Crule,2,0,0,2,2
Shi'ar Death Commandos,2,0,0,2,2
Stellaris (Company),2,0,0,2,2
S.W.O.R.D. Teleport Team,2,1,1,3,4
Dominikos Petrakis (Earth-TRN750),2,0,0,2,2
Roberto Reyes,2,0,0,2,2
Murch,2,0,0,2,2
Brian Cruz,2,0,0,2,2
Kobak,2,0,0,2,2
Rachel Argosy,2,0,0,2,2
Tommy (Morlock),2,2,0,4,4
Cullen Bloodstone,2,0,0,2,2
Leech,2,0,2,2,4
Gideon,2,0,0,2,2
Lucius Aquilla,2,0,0,2,2
Ramonda,2,0,0,2,2
Kevin Ford,2,0,0,2,2
Candra,2,0,0,2,2
Daily Bugle (The DB!),2,0,4,2,6
Nathaniel Essex Clones,2,0,0,2,2
Centurion Britannia (Earth-4100),2,0,0,2,2
High Priestess Celtia (Earth-2113),2,0,0,2,2
Harold Murch,2,0,0,2,2
Max Eisenhardt (Earth-TRN755),2,0,0,2,2
Briquette,2,0,0,2,2
Pr!z,2,0,0,2,2
Betel (Kin Crimson),2,0,0,2,2
Laurie Tromette,2,0,0,2,2
Jean Pierre Kol,2,0,0,2,2
Davis Cameron,2,0,0,2,2
Walter Reppion,2,0,0,2,2
Bran Braddock (Earth-2122),2,0,0,2,2
X-Men Red,2,0,0,2,2
Reilly Marshall,2,0,0,2,2
Adam Neramani,2,0,0,2,2
United States Army,2,1,0,3,3
Martinique Wyngarde,2,1,0,3,3
Moira MacTaggert Clones,2,0,1,2,3
Kubark,2,0,0,2,2
Gloria Mu√±oz,2,0,0,2,2
Muramasa,2,0,3,2,5
Maximus Jensen,2,0,0,2,2
Nameless (Mutant),2,0,1,2,3
Muerte Verde,2,0,0,2,2
MERC,2,0,0,2,2
Weapon X,2,0,2,2,4
Mother Righteous,2,0,0,2,2
Chronicler,2,5,2,7,9
Ak',2,0,0,2,2
Angelica Jones,2,0,2,2,4
Devon Alomar,2,1,0,3,3
Noriko Ashida,2,0,0,2,2
Gary Walsh,2,0,1,2,3
Bracken,2,0,2,2,4
Externals,2,0,3,2,5
Idyll,2,0,1,2,3
Hhurr,2,0,0,2,2
Gabrielle Diwa,2,0,0,2,2
Carl Maddicks,2,0,0,2,2
Francis Gil (Earth-TRN750),2,0,0,2,2
Medivar Sighn (Earth-TRN750),2,0,0,2,2
Sofia Mantega,2,0,0,2,2
Michael Nowlan,2,0,1,2,3
Moira MacTaggert (Earth-TRN959),2,0,0,2,2
Arnab Chakladar,2,2,0,4,4
Epiphany Platforms,2,1,0,3,3
Xavier Pharmaxeuticals,2,0,0,2,2
Jane Foster,2,0,0,2,2
Warren Worthington III (Earth-TRN904),2,0,0,2,2
Brian Xavier,2,0,0,2,2
Irene Adler (Earth-TRN750),2,1,0,3,3
Julia (Mutant),2,0,0,2,2
Pike (Surfer),2,0,0,2,2
Markos Argyros,2,0,0,2,2
Maximilian (Mutant),2,0,0,2,2
Monica Sellers,2,0,0,2,2
Lucifer (Cat),2,0,5,2,7
Jones (Orchis),2,0,0,2,2
Hope Abbott,2,0,0,2,2
Doctor Bloodroot,2,0,0,2,2
Hussar,2,0,1,2,3
Callie Betto,2,0,0,2,2
Jackson Strode,2,0,0,2,2
Spider-Man (Peter Parker),2,3,4,5,9
Brotherhood of Evil Mutants (Earth-TRN750),2,2,0,4,4
Desmond Moorr (Earth-TRN750),2,0,0,2,2
Joseph Chapman,2,0,0,2,2
Hodari,2,0,0,2,2
Carl Denti,2,0,0,2,2
Advanced Idea Mechanics,2,1,6,3,9
James Wesley,2,0,0,2,2
Raven Darkh√∂lme (Earth-TRN750),2,0,0,2,2
Allie Hatwell (Earth-TRN750),2,0,0,2,2
Arnim Zola,2,1,0,3,3
Darren Cross,2,1,0,3,3
Master Mold (Earth-TRN754),1,1,1,2,3
Pestilence (Plague),1,1,0,2,2
Romulus,1,2,0,3,3
James Howlett (Earth-TRN751),1,0,0,1,1
Pestilence (First Horsemen) (Earth-TRN756),1,0,1,1,2
War (First Horsemen) (Earth-TRN756),1,0,1,1,2
Omaha Police Department,1,0,0,1,1
Heidi Gardner (Comedian),1,0,0,1,1
Bolivar Trask (Earth-TRN754),1,0,0,1,1
Donald Trask III (Earth-TRN754),1,0,0,1,1
Zeb Wells,1,0,0,1,1
Buford Wilson,1,0,0,1,1
Simon Trask (Earth-TRN754),1,0,0,1,1
Gwyneth Trask (Earth-TRN754),1,0,0,1,1
Chimera (Mister Sinister),1,1,0,2,2
Steven Rogers (Earth-TRN751),1,0,0,1,1
Stephen Segovia,1,0,0,1,1
Avengers (Earth-TRN751),1,0,0,1,1
Urr,1,0,1,1,2
Avengers (Earth-TRN755),1,0,0,1,1
Abraham Cornelius,1,1,0,2,2
Siber,1,0,0,1,1
Charles Xavier (Earth-TRN750),1,0,0,1,1
Motoko,1,0,0,1,1
Dubai Police Force,1,0,0,1,1
Charles Xavier (Earth-TRN749),1,0,0,1,1
Jordan D. White,1,0,0,1,1
Benjamin Percy,1,0,0,1,1
Los Angeles Police Department,1,0,0,1,1
Florinda Nu√±ez,1,0,0,1,1
Mutant Trauma Support Group,1,0,0,1,1
Jack Peterson,1,0,0,1,1
Mariko Yashida,1,1,0,2,2
Kiyoshi Sato,1,0,0,1,1
Mrs. Kinross (Earth-TRN749),1,0,0,1,1
Trevor Crosby,1,0,0,1,1
Lord Kinross (Earth-TRN749),1,0,0,1,1
Marsha Bloodroot,1,0,0,1,1
Metropolitan Police Department of the District of Columbia,1,0,0,1,1
Bruce Banner (Earth-TRN755),1,0,0,1,1
Chris Claremont,1,0,0,1,1
Hadwin Cocom,1,0,1,1,2
Elise Owsley,1,0,0,1,1
Razorhead,1,0,0,1,1
Stan Lee,1,0,0,1,1
Jack Kirby,1,0,0,1,1
Heather Cameron,1,0,0,1,1
Dave Cockrum,1,0,0,1,1
Dazzler and the Resurrections,1,0,0,1,1
Marcia Colpepper,1,0,0,1,1
Teon Macik,1,0,0,1,1
Simon Lasker,1,0,0,1,1
Inez Temple,1,0,0,1,1
Beast (Demon),1,0,3,1,4
Oracle of Arakko,1,0,0,1,1
Project Brute Force,1,0,0,1,1
Weapon Plus,1,0,1,1,2
John Wraith,1,0,0,1,1
Truett Hudson,1,1,1,2,3
Roussel Dupont,1,0,0,1,1
Tarot,1,0,2,1,3
Sorn,1,0,0,1,1
Vorn,1,0,0,1,1
S10100010111011011101001001,1,0,0,1,1
X-Men (Earth-TRN755),1,0,0,1,1
Benjamin Grimm (Earth-TRN755),1,0,0,1,1
Hellfire Cult,1,0,0,1,1
Jetstream,1,0,0,1,1
Jonathan Storm (Earth-TRN755),1,0,0,1,1
Gabrielle Gomez,1,0,0,1,1
Fantastic Four (Earth-TRN755),1,0,0,1,1
Cybelle,1,1,0,2,2
Anthony Stark (Earth-TRN755),1,0,0,1,1
Piper (Morlock),1,0,0,1,1
Peter Parker (Earth-TRN755),1,0,0,1,1
Samuel Wilson (Earth-TRN755),1,0,0,1,1
Thor Odinson (Earth-TRN755),1,0,0,1,1
00010011,1,0,0,1,1
VeaV,1,0,0,1,1
Blackstar,1,0,0,1,1
Kron II,1,0,0,1,1
Mrs. Kinross (Earth-TRN748),1,0,0,1,1
Antony Kriev,1,0,0,1,1
Famine (First Horsemen) (Earth-TRN756),1,0,1,1,2
Cleopatra Nefertiti,1,0,0,1,1
Tike Alicar,1,0,0,1,1
Lord Kinross (Earth-TRN748),1,0,0,1,1
Piotr Rasputin (Earth-TRN755),1,0,0,1,1
James Howlett (Earth-TRN755),1,0,0,1,1
Ororo Munroe (Earth-TRN755),1,0,0,1,1
Scott Summers (Earth-TRN755),1,0,0,1,1
Kurt Wagner (Earth-TRN755),1,0,0,1,1
Paul Provenzano,1,0,0,1,1
Philadelphia Police Department,1,0,1,1,2
Monsignor,1,0,0,1,1
Squanch,1,0,0,1,1
Hell Bride,1,0,0,1,1
Beautiful Dreamer (Morlock),1,0,0,1,1
Death (First Horsemen) (Earth-TRN756),1,0,1,1,2
Gatecrasher (Earth-TRN295),1,0,0,1,1
Albert (Monkey),1,0,0,1,1
United States Air Force,1,0,0,1,1
Akihira,1,0,0,1,1
Nick Shelley,1,0,0,1,1
Ned Ralston,1,0,0,1,1
China Doll (Earth-TRN297),1,0,0,1,1
Yap (Earth-TRN307),1,0,0,1,1
Waxworks (Earth-TRN298),1,0,0,1,1
Krakoa (Earth-TRN959),1,0,1,1,2
Mother Mold II,1,0,0,1,1
Sharon Xavier,1,0,2,1,3
Canadian Army,1,0,0,1,1
Imperial Japan,1,1,0,2,2
Kenji Oyama,1,1,0,2,2
Pinkerton Detective Agency,1,0,0,1,1
Forge (Earth-TRN959),1,0,0,1,1
Cosmo (Dog),1,0,0,1,1
Ellie Phimister,1,0,0,1,1
Vornak,1,0,0,1,1
Benjamin Reilly,1,0,0,1,1
Jaime Luis Gomez,1,0,0,1,1
Gerhart,1,0,0,1,1
Mind Reaver,1,0,0,1,1
Spimvar,1,0,0,1,1
Kriv Yu,1,0,0,1,1
Annihilation Wave,1,0,0,1,1
Felicia Hardy,1,0,0,1,1
Avengers Unity Division,1,0,0,1,1
Gerry Duggan,1,0,0,1,1
Luminous,1,0,0,1,1
Evolutionary Guard,1,0,0,1,1
Teslelephant,1,0,0,1,1
Bi-Son,1,0,0,1,1
Nightmare,1,0,0,1,1
Dreamstalker,1,0,0,1,1
Nimrod (Earth-TRN959),1,0,0,1,1
Thunderbolt Units,1,0,0,1,1
Emma la Porte,1,0,0,1,1
Quorl,1,0,0,1,1
Threshold,1,0,0,1,1
Maht Pacle,1,0,0,1,1
Firehair,1,0,0,1,1
Shakai,1,0,0,1,1
Lirio Ironsight,1,0,0,1,1
Mother Mold,1,4,2,5,7
Doctor Cain,1,0,0,1,1
Satis Exotica,1,0,0,1,1
Jonathan Walker,1,0,0,1,1
Uqesh,1,0,0,1,1
Teshup,1,0,0,1,1
Birdy,1,0,0,1,1
Doctor Smith,1,0,0,1,1
Agent Goodall,1,0,0,1,1
Robert Wynn,1,0,0,1,1
Sandra Yo,1,0,0,1,1
Nemesis (Earth-295),1,0,0,1,1
Crystal Claws,1,0,0,1,1
Kin Crimson Chronicle,1,0,1,1,2
Fever Pitch,1,0,0,1,1
Francine Frye,1,0,0,1,1
Agony (Symbiote),1,0,0,1,1
Gemma Shin,1,0,0,1,1
Anthony Masters,1,0,0,1,1
Hellfire Knights,1,0,0,1,1
Mary Walker,1,0,0,1,1
Slamazon,1,0,0,1,1
Glowbrie,1,0,0,1,1
Belle (A.I.) (Earth-TRN659),1,0,0,1,1
Nicky (A.I.),1,0,0,1,1
X-Terminators,1,0,0,1,1
Nathaniel Essex (Earth-Unknown),1,0,0,1,1
Bennet du Paris (Earth-Unknown),1,0,0,1,1
Jason (Mutant),1,0,0,1,1
Oris (Arakko),1,0,0,1,1
Soft Serve,1,0,1,1,2
Alicia Masters,1,0,1,1,2
Rocket Raccoon,1,0,1,1,2
Henry McCoy (Earth-TRN751),1,0,0,1,1
X-Force,1,0,4,1,5
Vertigo (Savage Land Mutate),1,0,1,1,2
Worthington Industries,1,0,0,1,1
Ru'tuh-baga,1,0,0,1,1
Kurt Wagner (Earth-TRN751),1,0,0,1,1
Noblesse Pharmaceuticals,1,0,0,1,1
Wong,1,0,0,1,1
Jean Grey (Earth-TRN751),1,0,0,1,1
Absolon Mercator,1,0,5,1,6
Emma Frost (Earth-TRN751),1,0,0,1,1
Cyttorak,1,1,1,2,3
Ann Johnson,1,0,0,1,1
Carmine Angelo,1,0,0,1,1
Bernadette Rosenthal,1,0,0,1,1
Absolution Solutions,1,0,2,1,3
Office of National Emergency,1,0,0,1,1
Ape (Morlock),1,0,0,1,1
Tar Baby,1,0,0,1,1
Zeek,1,0,0,1,1
Valerie Cooper,1,0,0,1,1
Jack Fisher,1,0,0,1,1
Phoenix Force,1,2,2,3,5
Dane Whitman,1,0,0,1,1
X-Men (Earth-TRN752),1,0,0,1,1
David Thompson,1,0,0,1,1
Secret Empire,1,0,0,1,1
Charles Xavier (Earth-TRN752),1,0,0,1,1
Martin Davis,1,0,0,1,1
Max Eisenhardt (Earth-TRN751),1,1,0,2,2
Joe Simsky,1,0,0,1,1
Phoenix Force (Earth-TRN751),1,0,0,1,1
Glow Worm,1,1,0,2,2
Bulk,1,1,0,2,2
Ororo Munroe (Earth-TRN751),1,0,0,1,1
Spiral,1,0,0,1,1
Unstoppables,1,0,0,1,1
Dungeon Warden,1,0,0,1,1
Gwendolyn Poole (Earth-TRN565),1,0,0,1,1
Kris Anderson,1,0,0,1,1
Nymbis Sternhoof,1,0,0,1,1
Mentacle,1,0,0,1,1
Robert Drake (Earth-TRN751),1,0,0,1,1
Riitho,1,0,0,1,1
Peter Quill,1,0,1,1,2
Noh-Varr (Earth-200080),1,0,0,1,1
Glah-Ree,1,0,0,1,1
Enn-Lar,1,0,0,1,1
Lauri-Ell,1,0,0,1,1
Guardians of the Galaxy,1,0,2,1,3
Calderak,1,0,0,1,1
Subguardian Titan,1,1,0,2,2
Fang III,1,1,0,2,2
X-Men (Earth-TRN751),1,0,0,1,1
Charles Xavier (Earth-TRN751),1,0,0,1,1
Warren Worthington III (Earth-TRN751),1,0,0,1,1
We-Plex Supreme Intelligence System (Earth-200080),1,0,2,1,3
Celeste,1,0,0,1,1
Lyga,1,0,1,1,2
Dora Milaje,1,0,0,1,1
Six,1,0,1,1,2
Illyana Rasputina (Earth-TRN751),1,0,0,1,1
Namor McKenzie (Earth-TRN751),1,0,0,1,1
Piotr Rasputin (Earth-TRN751),1,0,0,1,1
Scott Summers (Earth-TRN751),1,0,0,1,1
Galactic Council,1,0,2,1,3
Phoenix Five (Earth-TRN751),1,0,0,1,1
Bhoa Clan,1,0,1,1,2
Djagyar,1,0,1,1,2
Kuga,1,0,2,1,3
Chita Clan,1,0,1,1,2
Wezel,1,0,1,1,2
Gylar Clan,1,0,1,1,2
Khondor,1,0,1,1,2
Manuel Cocom,1,1,0,2,2
Walter Whitmer,1,0,0,1,1
Oliver (Cat),1,0,5,1,6
Carmella Unuscione,1,0,0,1,1
Mandragon (Earth-TRN217),1,0,0,1,1
Braddock Academy,1,0,0,1,1
Theodore Winchester,1,0,0,1,1
Brazilian Navy,1,0,0,1,1
Hump,1,0,0,1,1
Ezequiel Dengra,1,0,1,1,2
Blake Schiel,1,0,0,1,1
Hong Lianje,1,0,0,1,1
Omega Clan,1,0,0,1,1
Mesmero (Vincent),1,0,0,1,1
Dur,1,0,0,1,1
Hector Pullman,1,0,0,1,1
Jamie Rogers,1,0,0,1,1
Paragon (Brazilian Navy),1,0,0,1,1
Coven Solar Blackwood,1,0,0,1,1
Brute (Morlock),1,0,0,1,1
United States Navy,1,0,4,1,5
Mr. Nobody,1,0,0,1,1
War Sharks,1,0,0,1,1
Christopher O‚ÄôLeary,1,0,0,1,1
Flaw,1,0,0,1,1
Lim Zhao,1,0,2,1,3
Georges Batroc,1,0,0,1,1
Federal Bureau of Investigation,1,0,4,1,5
Mr. Blade,1,0,0,1,1
Bliss (Morlock),1,0,0,1,1
United States Department of Justice,1,0,1,1,2
Liana (Mutant),1,0,0,1,1
Attorney General Tolliver,1,0,0,1,1
Krait,1,0,0,1,1
Nick Fury,1,0,2,1,3
Daily Bugle (Front Line),1,0,3,1,4
Omega White,1,0,0,1,1
Astra (Mutant),1,0,0,1,1
Brotherhood of Evil Mutants,1,1,3,2,5
Bashenga,1,0,0,1,1
Kurt Wagner (Earth-13059),1,0,0,1,1
Okoye,1,0,0,1,1
Ludovic von Bergen,1,0,0,1,1
Emmanuel Cortez (Earth-TRN756),1,1,1,2,3
Absalom,1,0,0,1,1
Joseph Canning,1,0,0,1,1
Frederico Jo√£o de C√©zare,1,0,0,1,1
Stephen Strange (Earth-Unknown),1,0,0,1,1
Daniela Gentile,1,0,0,1,1
Juliana Worthing,1,0,0,1,1
Hunters (Man-Machine Supremacy) (Earth-TRN756),1,0,0,1,1
Kwannon (Earth-TRN904),1,0,0,1,1
Tamara Kurtz,1,0,0,1,1
Ishiro Tsuburaya,1,0,0,1,1
Omega Black,1,0,0,1,1
Omega Red (Omega Clan),1,0,0,1,1
Rachel Summers (Earth-TRN839),1,0,0,1,1
Banhi Gahlot,1,0,0,1,1
DOX Online,1,0,0,1,1
Katherine Pryde (Earth-TRN839),1,0,0,1,1
Elizabeth Braddock (Earth-TRN839),1,0,0,1,1
James Howlett (Earth-Unknown),1,1,1,2,3
World Economic Forum,1,0,0,1,1
Opal Luna Saturnyne (Earth-Unknown),1,0,1,1,2
Cylobel (Earth-TRN756),1,1,1,2,3
Captain Moore,1,0,0,1,1
Tini Howard,1,0,0,1,1
Marshall Mathers III,1,0,0,1,1
Azazel,1,0,0,1,1
War (First Horsemen) (Earth-Unknown),1,0,0,1,1
Solem (Earth-Unknown),1,0,0,1,1
Offset,1,0,0,1,1
Agent X (Nijo),1,0,0,1,1
Phobos (Russian Soldier),1,0,1,1,2
Imperial Kree Army,1,0,0,1,1
Hercules Panhellenios,1,1,1,2,3
Ned (A.I.M.),1,0,0,1,1
Mars (Orchis),1,0,0,1,1
Hellions Squad,1,0,1,1,2
Dal-Damun,1,0,0,1,1
Hoork,1,0,0,1,1
Claudette and Nicole St. Croix,1,0,0,1,1
Darren Cross (Earth-Unknown),1,0,0,1,1
Supreme Intelligence,1,0,0,1,1
Black Judges,1,0,0,1,1
Jonas Graymalkin,1,0,0,1,1
Kevin Sidney,1,0,1,1,2
Royal Irish Constabulary,1,0,0,1,1
Crosta,1,0,0,1,1
Ikons of Okkara,1,0,0,1,1
Frelson and Blurdock,1,1,1,2,3
Man-Machine Supremacy (Earth-TRN753),1,0,0,1,1
Jaime Meline,1,0,0,1,1
James Kimmel,1,0,0,1,1
Run the Jewels,1,0,0,1,1
Imperial Guard Training Academy,1,0,0,1,1
Michael Render,1,0,0,1,1
Madre,1,0,0,1,1
Diamante,1,0,0,1,1
Megan Rapinoe,1,0,0,1,1
Murd Blurdock,1,4,0,5,5
Henry Mountbatten-Windsor,1,0,0,1,1
Patton Oswalt,1,0,0,1,1
Seth Meyers,1,0,0,1,1
John Jonah Jameson,1,0,0,1,1
Meredith Salenger,1,0,0,1,1
Chandar Order,1,0,0,1,1
Marc Maron,1,0,0,1,1
Valeria Richards,1,0,0,1,1
Vita Ayala,1,0,0,1,1
DOX,1,0,4,1,5
Devo,1,0,0,1,1
Fin Fang Foom,1,0,0,1,1
Lash (Sunita),1,0,0,1,1
Acolytes,1,1,2,2,4
Barry thee Artist,1,0,0,1,1
Mister Sand,1,0,0,1,1
Melody Guthrie,1,0,0,1,1
Shell (Shi'ar Death Commando),1,0,0,1,1
Sersi,1,0,0,1,1
Rod Reis,1,0,0,1,1
Colony,1,0,0,1,1
Megan Ogawa,1,0,0,1,1
Abigail (Mutant),1,0,0,1,1
Hool-go-Dir,1,0,0,1,1
Uhr'Oggloth,1,0,0,1,1
Jednu,1,0,0,1,1
Shaun Kennedy,1,0,0,1,1
Dan Molina (Daniels),1,0,0,1,1
Paras Gavaskar,1,0,0,1,1
Captain Craine,1,0,0,1,1
Church of Ascendancy (Earth-TRN756),1,0,0,1,1
Eric Brooks,1,0,0,1,1
Mutant Liberation Front,1,0,3,1,4
Yakuza,1,0,1,1,2
Master Mold,1,0,2,1,3
Hypernova,1,0,0,1,1
Alternate Reality Monitoring and Operational Response Agency,0,0,2,0,2
Phoenix Force (Earth-TRN753),0,0,1,0,1
Winston Frost,0,0,2,0,2
Virginia,0,0,1,0,1
H.A.M.M.E.R.,0,0,3,0,3
Galan (Earth-TRN753),0,0,1,0,1
Joanne Beaubier,0,0,1,0,1
David Robert Jones,0,0,1,0,1
Carmen Pryde,0,0,2,0,2
Mossad,0,0,1,0,1
National Association of Securities Dealers Automated Quotation,0,0,1,0,1
N'Dar√©,0,1,0,1,1
Daniel Shomron,0,1,0,1,1
Charles Xavier II (Earth-13729),0,1,0,1,1
Avengers Academy,0,0,1,0,1
James Buchanan Barnes,0,0,2,0,2
East India Company,0,0,1,0,1
Nike,0,1,0,1,1
Ares,0,0,1,0,1
Alpha Flight,0,0,1,0,1
Tsahal,0,0,1,0,1
National People's Congress,0,0,1,0,1
Red Sky,0,0,1,0,1
Brotherhood of the Shield,0,0,1,0,1
Ernst,0,0,1,0,1
N'astirh,0,0,2,0,2
Red Diamond,0,0,3,0,3
R'Klll,0,0,1,0,1
Cynthia von Doom,0,0,1,0,1
Annihilation Wave (Earth-TRN756),0,0,1,0,1
Knights of the Infinite,0,0,1,0,1
Dormammu,0,2,1,2,3
Gabrielle Haller,0,1,0,1,1
Harlan Kleinstock,0,1,0,1,1
David Munroe,0,1,0,1,1
Sven Kleinstock,0,1,0,1,1
Ugly John (Steve),0,0,1,0,1
Louis Tarleton,0,1,0,1,1
JOD1E,0,1,0,1,1
T'Chaka,0,1,0,1,1
Moira MacTaggert (Earth-Unknown),0,0,1,0,1
Avengers (Earth-Unknown),0,0,1,0,1
Fantastic Four (Earth-Unknown),0,0,1,0,1
En Sabah Nur (Earth-Unknown),0,0,1,0,1
Elizabeth Windsor II,0,0,3,0,3
Cordelia Frost,0,0,1,0,1
Hydra,0,0,5,0,5
Robert Reynolds,0,0,1,0,1
House of Jumbo Carnation,0,0,1,0,1
Nikola Tesla,0,0,1,0,1
Zaha Gehry,0,0,1,0,1
Maxim Ivanov,0,0,1,0,1
Walker Kin,0,0,1,0,1
Emma Newcomer,0,0,1,0,1
United States Armed Forces,0,0,3,0,3
Moscow Hellfire Club,0,0,1,0,1
Drug Enforcement Administration,0,0,2,0,2
Special Tactical Reserve for International Key Emergencies,0,0,2,0,2
Sobunar II,0,0,1,0,1
Cerise,0,1,1,1,2
Emperiax,0,0,1,0,1
Pilgrimm,0,0,1,0,1
Gregor Smerdyakov,0,0,1,0,1
Jodi Furman,0,0,1,0,1
Malcolm (Earth-1191),0,0,1,0,1
Randall (Earth-1191),0,0,1,0,1
Xavier Security Enforcers (Earth-1191),0,0,1,0,1
Brimstone Love,0,1,0,1,1
Judas Traveller,0,0,1,0,1
Talionis,0,0,1,0,1
Office of Naval Intelligence,0,0,4,0,4
United States Coast Guard,0,0,1,0,1
Sobunar I,0,0,1,0,1
Sharraka,0,0,1,0,1
Petra,0,0,2,0,2
Suzanne Chan,0,0,2,0,2
Juliana Sandoval,0,0,1,0,1
Tarlo,0,0,1,0,1
Oscar Wilde,0,0,1,0,1
Butter Rum,0,0,1,0,1
Sebastian Shaw (Earth-Unknown),0,0,1,0,1
United States Department of Defense,0,0,3,0,3
Rogue (Anna Marie) (Earth-Unknown),0,1,0,1,1
Scott Summers (Earth-Unknown),0,1,0,1,1
Illyana Rasputina (Earth-Unknown),0,1,0,1,1
Gilgamesh,0,1,0,1,1
Thena,0,1,0,1,1
Kingo Sunen,0,1,0,1,1
Talon-A,0,0,1,0,1
Widget,0,1,0,1,1
Stan Thomas,0,0,1,0,1
Jakub Kurczak,0,0,1,0,1
Opal Tanaka,0,0,1,0,1
Horadar,0,0,1,0,1
Terramoto,0,0,1,0,1
Maximus Lobo,0,1,0,1,1
Daniel Rand,0,1,0,1,1
Amanda Sefton,0,1,0,1,1
Merbavon,0,0,1,0,1
International Criminal Police Organization,0,0,1,0,1
Loki Laufeyson (Ikol),0,0,1,0,1
Loki Laufeyson,0,1,0,1,1
Ida Thomas,0,0,1,0,1
Hellions (King Bedlam),0,0,1,0,1
D'Juool,0,0,1,0,1
Zzzxx (Symbiote),0,0,1,0,1
Amatsu-Mikaboshi,0,0,1,0,1
Lisa DiCosta,0,0,3,0,3
Zeus Panhellenios,0,0,1,0,1
James Jaspers (Earth-238),0,0,1,0,1
Knights of the Round Table,0,0,1,0,1
En Sabah Nur (Earth-295),0,0,1,0,1
Klaarum,0,0,1,0,1
Generation X,0,0,3,0,3
Fang (Imperial Guard),0,0,1,0,1
Blackagar Boltagon,0,0,2,0,2
Lilandra Neramani,0,0,3,0,3
Catholic Church,0,0,2,0,2
Fraternity of Raptors,0,0,1,0,1
Ikaris,0,1,0,1,1
James Howlett (Earth-811),0,1,0,1,1
Bando Saburo,0,0,1,0,1
Judas Iscariot,0,0,1,0,1
Cross Technological Enterprises,0,0,1,0,1
Walter Scutch,0,0,1,0,1
Charles Xavier (Earth-TRN959),0,0,1,0,1
Max Eisenhardt (Earth-TRN959),0,0,1,0,1
Kurt Wagner (Earth-TRN959),0,0,1,0,1
George Blair (Earth-TRN959),0,0,1,0,1
Jean Grey (Earth-TRN959),0,0,1,0,1
Gallagher Salvage,0,0,1,0,1
Victoria (Spartax),0,0,1,0,1
Ada Lovelace,0,0,1,0,1
Gabrielle Kinney (Earth-TRN959),0,0,2,0,2
Laura Kinney (Earth-TRN959),0,0,2,0,2
Akihiro (Earth-TRN959),0,0,2,0,2
Death,0,0,2,0,2
Jesus of Nazareth,0,1,3,1,4
Triads,0,0,1,0,1
S.H.I.E.L.D.,0,0,7,0,7
St. John Allerdyce (Earth-Unknown),0,1,0,1,1
Devil's Brigade,0,0,1,0,1
Canadian Armed Forces,0,0,1,0,1
Aline Fischer,0,0,1,0,1
Jurgen Shields,0,0,1,0,1
James Howlett (Earth-14412),0,1,0,1,1
James Howlett (Earth-21923),0,1,0,1,1
Tyrannosaurus (Symbiote),0,2,0,2,2
Jean Grey (Earth-Unknown),0,2,0,2,2
Emma Frost (Earth-Unknown),0,2,0,2,2
Lucas Bishop (Earth-Unknown),0,1,0,1,1
Otto Octavius,0,1,0,1,1
United States Department of the Treasury,0,0,1,0,1
Shadow King,0,1,0,1,1
Isaac Javitz,0,1,0,1,1
Yahweh,0,0,11,0,11
Varrn,0,0,1,0,1
Spartax Astrologers,0,0,1,0,1
Jesse James,0,0,1,0,1
Alexander of Macedon,0,0,1,0,1
Egros (Earth-14412),0,1,0,1,1
MI6,0,0,2,0,2
Ku Klux Klan,0,0,2,0,2
Lady Deathstrike (Yuriko Oyama),0,2,2,2,4
Sun Tzu,0,0,2,0,2
Mary of Nazareth,0,0,1,0,1
Andrew Graves,0,1,0,1,1
Suvik Senyaka,0,1,0,1,1
Onslaught (Psychic Entity) (Earth-Unknown),0,1,0,1,1
Yelena Baraz,0,0,1,0,1
Thom DiRocco,0,0,1,0,1
National Aeronautics and Space Administration,0,0,1,0,1
Explorer Laboratory,0,0,1,0,1
Rii,0,0,1,0,1
Hazel Frost,0,0,1,0,1
Turk Barrett,0,0,1,0,1
Burglar,0,1,0,1,1
Gwendolyne Stacy,0,1,0,1,1
Maybelle Parker,0,1,0,1,1
Benjamin Parker,0,1,0,1,1
United States Secret Service,0,0,1,0,1
Gaea,0,0,2,0,2
Michael Gordin,0,0,1,0,1
Anya Eisenhardt,0,0,2,0,2
Ogun (Ninja),0,0,1,0,1
Ashura,0,0,1,0,1
Victoria Creed,0,0,1,0,1
United States Food and Drug Administration,0,0,1,0,1
Federal Bureau of Narcotics,0,0,1,0,1
National Socialist German Workers Party,0,0,4,0,4
Pr√©fecture de Police de Paris,0,1,0,1,1
Nathaniel Grey (Earth-295),0,0,1,0,1
Hela,0,1,0,1,1
Thomas Zebulon Guthrie,0,0,1,0,1
Bishamon,0,0,1,0,1
Hrimhari,0,1,0,1,1
Noah,0,0,1,0,1
Lucifer,0,0,2,0,2
Nyoirin Henecha,0,0,1,0,1
Lui Bing,0,0,1,0,1
Addiction Crisis Center of Shanghai,0,0,1,0,1
Republican Party (United States),0,0,1,0,1
Kenneth Wind,0,0,1,0,1
United States Senate,0,0,1,0,1
Anjana Choudhuri,0,0,1,0,1
International Association of Neurotechnology,0,0,1,0,1
Matsu'o Tsurayaba,0,0,3,0,3
Isaac (Genesis),0,0,1,0,1
Abraham,0,0,1,0,1
Quan Yin,0,0,2,0,2
Tier Sinclair,0,3,3,3,6
Komitet Gosudarstvennoy Bezopasnosti,0,0,1,0,1
Joseph Stalin,0,0,1,0,1
Fyodor Dostoyevsky,0,0,1,0,1
United States Government,0,0,4,0,4
Evan Sabahnur,0,0,2,0,2
Foreign Intelligence Service of the Russian Federation,0,0,1,0,1
Sentinels Mk V,0,0,1,0,1
Marisa Repina,0,0,1,0,1
Royal Navy,0,0,2,0,2
Vesper (Arakko),0,0,1,0,1
Emil Raver,0,0,1,0,1
Hideo Ichiki,0,2,0,2,2
Kenneth Cowan (Earth-TRN748),0,1,0,1,1
Fran√ßois-Marie Arouet,0,0,1,0,1
Callum Cowan (Earth-TRN748),0,1,0,1,1
Dean Cowan (Earth-TRN748),0,1,0,1,1
Natalia Romanova,0,1,1,1,2
Annie Haynes,0,1,0,1,1
Abigail Cowan (Earth-TRN748),0,1,0,1,1
Frank Castle,0,0,1,0,1
Magnetic Man,0,0,1,0,1
William Russo,0,0,1,0,1
Devin Coyle,0,1,0,1,1
Alphonse Capone,0,0,1,0,1
Kristin Egilsdottir,0,1,0,1,1
Nash Solly,0,1,0,1,1
Pablo Picasso,0,0,1,0,1
Legacy House,0,0,2,0,2
Belasco,0,1,3,1,4
Magus (Warlock's Father),0,1,1,1,2
Kenneth Cowan (Earth-TRN749),0,0,1,0,1
Bolivar Trask,0,0,3,0,3
Sentinels Mk VI,0,0,1,0,1
Brothers of the New World,0,0,1,0,1
Federal Security Service of the Russian Federation,0,0,1,0,1
Main Directorate of the General Staff of the Armed Forces of the Russian Federation,0,0,1,0,1
Petunia Grimm,0,0,1,0,1
Charles Xavier (Earth-TRN755),0,0,1,0,1
Carol Danvers (Earth-TRN756),0,1,0,1,1
"Ministry of Land, Infrastructure and Transport",0,0,1,0,1
Anthony Stark (Earth-TRN756),0,1,0,1,1
House of Commons of the United Kingdom,0,0,1,0,1
John Grey,0,0,1,0,1
Elaine Grey,0,0,1,0,1
T'Challa (Earth-TRN756),0,1,0,1,1
Sara Grey,0,0,1,0,1
Athena Parthenos,0,1,0,1,1
Napol√©on Bonaparte,0,0,2,0,2
Steven Rogers (Earth-TRN756),0,1,0,1,1
Swiss Armed Forces,0,0,1,0,1
United States Army Special Forces,0,0,1,0,1
X-Statix,0,0,1,0,1
Pallas,0,1,0,1,1
His Dream Philanthropic Foundation,0,0,1,0,1
Wolverine Waste Management,0,0,1,0,1
Blackbird Motors,0,0,1,0,1
Salem Center Auctions and Real Estate,0,0,1,0,1
Phoenix Law Offices,0,0,1,0,1
Cerebral Films,0,0,1,0,1
X-Marks-Spot Mining,0,0,1,0,1
Evolution Energy,0,0,1,0,1
Summers News and Media,0,0,1,0,1
Uncanny Valley Farms,0,0,1,0,1
Gifted Mind Technologies,0,0,1,0,1
Dow Jones & Company,0,0,1,0,1
British Army (Earth-TRN754),0,0,1,0,1
Charles Xavier (Earth-TRN756),0,0,1,0,1
United States Department of State,0,0,2,0,2
Max Eisenhardt (Earth-TRN756),0,0,1,0,1
Sleeping Giant,0,0,1,0,1
Mother Mold (Earth-TRN756),0,0,1,0,1
Nimrod (Earth-811),0,3,4,3,7
Theodore Sallis,0,1,0,1,1
Zelda (The Sisters),0,1,0,1,1
Johann Shmidt,0,0,1,0,1
Bellona (The Sisters),0,1,0,1,1
David,0,0,2,0,2
Michelangelo Simoni,0,0,1,0,1
SAPIENS,0,0,1,0,1
Valkyrior,0,0,1,0,1
Bombu,0,0,1,0,1
Morta Zang,0,1,0,1,1
Lord Kinross (Earth-TRN752),0,0,1,0,1
Mrs. Kinross (Earth-TRN752),0,0,1,0,1
S'ym,0,1,0,1,1
Marcus Brutus,0,1,0,1,1
Charles Cotta,0,1,0,1,1
Bolivar Trask (Earth-TRN752),0,0,1,0,1
Godzilla,0,0,1,0,1
Demon Bear,0,1,0,1,1
Avengers (Earth-TRN756),0,1,1,1,2
William Shakespeare,0,0,1,0,1
U-Men,0,0,1,0,1
Strange Academy,0,0,1,0,1
Nathaniel Essex (Earth-TRN756),0,0,3,0,3
Joseph MacTaggert,0,0,1,0,1
Iacob Repina,0,0,1,0,1
Carrasco Cartel,0,0,1,0,1
Lights,0,0,1,0,1
Karn the Torturer,0,0,1,0,1
Conan,0,0,1,0,1
Fritz von Meyer,0,0,1,0,1
Supreme Intelligence (Earth-TRN753),0,0,1,0,1
Factor Three,0,0,1,0,1
Nimbus (Earth-TRN753),0,1,0,1,1
Operation Paperclip,0,0,1,0,1
Elizabeth Hartwood,0,0,2,0,2
Charlene McGowan,0,1,0,1,1
Roxxon Energy Corporation,0,0,1,0,1
Yahweh (Earth-TRN753),0,0,0,0,0
Xandra Neramani (Earth-TRN756),0,0,1,0,1
Courtney Ross,0,0,1,0,1
Imperial Guard (Earth-TRN756),0,0,1,0,1
Man-Machine Ascendancy (Earth-TRN756),0,0,1,0,1
John Braddock,0,0,1,0,1
Elise Bloodstone,0,0,1,0,1
Elsa Bloodstone,0,0,1,0,1
Archimedes,0,0,1,0,1
Aiden Gillespie,0,0,1,0,1
Serval Industries,0,0,1,0,1
Laura Kinney (Earth-TRN756),0,0,2,0,2
Katherine Pryde (Earth-TRN756),0,0,2,0,2
Gunther Bain (Earth-TRN756),0,0,2,0,2
Piotr Rasputin (Earth-TRN756),0,0,2,0,2
Quintavius Quire (Earth-TRN756),0,0,2,0,2
Judas Iscariot (Earth-TRN756),0,0,1,0,1
Krakoa (Earth-TRN839),0,0,1,0,1
Magus (Technarch) (Earth-TRN753),0,0,1,0,1
Brevoid,0,0,1,0,1
Morn,0,1,0,1,1
Eugene Judd,0,0,1,0,1
Anne-Marie Cortez,0,0,1,0,1
Michael Korvac (Earth-691),0,0,1,0,1
18th Kree Diplomatic Gestalt (Earth-200080),0,0,1,0,1
Heather McNeil,0,0,1,0,1
Gamma Flight (Alpha Flight Space Program),0,0,1,0,1
Ned Lathrop,0,1,0,1,1
Byron Calley,0,1,0,1,1
Sarah Rogers,0,0,1,0,1
Francis Freeman (Earth-TRN756),0,0,1,0,1
Rachel Summers (Earth-TRN756),0,0,1,0,1
Kurt Wagner (Earth-TRN756),0,0,1,0,1
Lenore Kensington,0,0,3,0,3
Emma Frost (Earth-TRN756),0,0,1,0,1
Bhadsha,0,0,1,0,1
Stote,0,0,2,0,2
Hyinar,0,0,1,0,1
Lorna Dane (Earth-TRN756),0,0,1,0,1
Externals (Earth-TRN756),0,0,1,0,1
Brian Dunlop,0,0,1,0,1
Adam Brashear,0,0,1,0,1
Nova Corps,0,0,1,0,1
Doc (District X),0,0,1,0,1
Scott Adsit,0,0,1,0,1
Federal Deposit Insurance Corporation,0,0,1,0,1
Galan,0,0,2,0,2
Knull,0,3,3,3,6
Peter Corbeau,0,0,1,0,1
Quiet Council of Krakoa (Earth-TRN839),0,0,1,0,1
Jean Grey (Earth-TRN839),0,1,0,1,1
Charles Xavier (Earth-TRN839),0,1,0,1,1
Peter Wisdom (Earth-TRN839),0,1,0,1,1
Graydon Creed,0,0,1,0,1
Friends of Humanity,0,0,1,0,1
Taylor Ellis,0,0,1,0,1
Paul Botham,0,0,1,0,1
Church of Humanity,0,1,1,1,2
Steven Lang,0,0,1,0,1
New X-Men,0,0,1,0,1
MAK Pharmaceutical,0,0,1,0,1
Kevin MacKinnon,0,0,1,0,1
Project Armageddon,0,0,2,0,2
Department H,0,0,2,0,2
Federal Trade Commission,0,0,1,0,1
Xerek,0,0,1,0,1
Deathbird's Child,0,0,1,0,1
Miguel Martinez (Bohem Cartel),0,0,1,0,1
Julian Perez,0,0,1,0,1
Alexis Guti√©rrez,0,0,1,0,1
Stryfe (Nathan Summers),0,0,2,0,2
Juan Montes,0,0,1,0,1
Orlando Espiga,0,0,1,0,1
Santa Claus,0,0,1,0,1
Rodrigo Ruiz,0,0,1,0,1
New Warriors,0,0,1,0,1
Stanton County Sheriff's Office,0,0,1,0,1
Earthquake,0,0,1,0,1
Starbolt II,0,0,1,0,1
Grannz,0,0,1,0,1
Sapien League,0,0,1,0,1
Leper Queen,0,0,1,0,1
Purifiers,0,0,1,0,1
Times,0,0,1,0,1
Illuminati,0,0,1,0,1
Kelsey Leigh,0,0,1,0,1
Bran Bardic (Earth-70518),0,0,1,0,1
Brian Braddock (Earth-597),0,0,1,0,1
Peter Wisdom (Earth-TRN904),0,0,1,0,1
X-Men (Earth-TRN904),0,0,1,0,1
Alysande Stuart (Earth-TRN904),0,0,1,0,1
James Braddock Sr. (Earth-TRN904),0,0,1,0,1
Krakoa (Earth-TRN904),0,0,1,0,1
Brian Braddock (Earth-TRN904),0,0,1,0,1
Calvin Rankin,0,0,1,0,1
Morgause,0,0,1,0,1
North Atlantic Treaty Organization,0,0,1,0,1
William Stryker,0,0,1,0,1
Cameron Hodge (Robot),0,0,1,0,1
Slaymaster,0,0,1,0,1
Oshtur,0,0,0,0,0
Sikorsky,0,1,0,1,1
Cr'reee,0,1,0,1,1
Ouranos,0,0,1,0,1
Sharra,0,0,2,0,2
K'ythri,0,0,2,0,2
Shi'ar High Council,0,0,1,0,1
Shi'ar Imperial Intelligence,0,0,1,0,1
SETI Institute,0,0,1,0,1
198,0,0,2,0,2
Ernest Hemingway,0,0,1,0,1
