,character name,Appearances,Minor Appearances,Mentions,Total Appearances (Full and Minor),Appearances and Mentions (Full + Minor + Mentions)
0,X-Men,196,14,55,210,265
6,Storm (Ororo Munroe),184,15,10,199,209
2,Cyclops (Scott Summers),170,12,12,182,194
5,Wolverine (James Howlett),168,15,18,183,201
1,Colossus (Piotr Rasputin),161,22,11,183,194
3,Nightcrawler (Kurt Wagner),153,12,6,165,171
422,Cannonball (Samuel Guthrie),124,4,1,128,129
421,New Mutants,114,5,19,119,138
225,Shadowcat (Kitty Pryde),113,10,10,123,133
9,Professor X (Charles Xavier),111,19,70,130,200
7,Jean Grey,108,20,26,128,154
423,Wolfsbane (Rahne Sinclair),104,5,4,109,113
425,Sunspot (Roberto da Costa),104,6,7,110,117
8,Angel (Warren Worthington III),98,9,4,107,111
16,Beast (Henry McCoy),92,14,1,106,107
424,Mirage (Danielle Moonstar),89,5,4,94,98
392,Rogue (Anna Marie),86,15,5,101,106
641,X-Factor,85,1,19,86,105
13,Iceman (Bobby Drake),85,10,0,95,95
217,Magik (Illyana Rasputina),78,5,20,83,103
12,Banshee (Sean Cassidy),77,5,5,82,87
541,Warlock,69,5,8,74,82
4,Havok (Alexander Summers),69,9,8,78,86
585,Cable (Nathan Summers),68,8,10,76,86
651,Psylocke (Betsy Braddock),66,3,2,69,71
847,Boom-Boom (Tabitha Smith),66,2,0,68,68
39,Moira MacTaggert,65,4,19,69,88
100,Magneto (Max Eisenhardt),64,6,23,70,93
300,Rachel Summers,62,2,1,64,65
731,Prosh,56,0,5,56,61
848,Rictor (Julio Richter),53,0,3,53,56
235,Dazzler (Alison Blaire),50,7,7,57,64
49,Lilandra Neramani,48,5,4,53,57
419,Lockheed,47,2,2,49,51
429,Madelyne Pryor,47,12,13,59,72
474,Forge,45,4,4,49,53
491,Magma (Amara Aquilla),44,6,4,50,54
1059,Rusty Collins,44,1,3,45,48
89,Hellfire Club,41,4,20,45,65
209,Captain Britain (Brian Braddock),41,3,1,44,45
1296,Meggan Puceanu,40,1,0,41,41
14,Polaris (Lorna Dane),40,4,6,44,50
772,Excalibur,40,1,4,41,45
1058,Skids,39,1,3,40,43
458,Cypher (Douglas Ramsey),39,9,14,48,62
705,Cameron Hodge,38,1,3,39,42
430,Morlocks,37,2,13,39,52
308,Mystique (Raven Darkhölme),36,1,6,37,43
90,Phoenix Force,36,14,18,50,68
230,Black King (Sebastian Shaw),36,2,4,38,42
418,Karma (Xi'an Coy Manh),31,3,6,34,40
432,Callisto,31,1,3,32,35
267,Blob,30,3,1,33,34
1056,Artie Maddicks,30,0,0,30,30
354,Caliban,30,0,2,30,32
229,White Queen (Emma Frost),29,1,12,30,42
298,Widget,28,1,1,29,30
310,Pyro,27,1,2,28,30
357,Binary (Carol Danvers),27,8,5,35,40
701,Trish Tilby,26,0,3,26,29
732,Jubilee (Jubilation Lee),26,0,0,26,26
543,Warpath (James Proudstar),26,1,1,27,28
460,Leech,26,0,0,26,26
603,Brightwind,25,1,1,26,27
110,Corsair (Christopher Summers),25,4,2,29,31
728,Apocalypse (En Sabah Nur),25,4,7,29,36
291,Stephanie Hunter,24,0,3,24,27
774,Muir Island X-Men,23,0,0,23,23
583,Freedom Force,23,1,8,24,32
249,N.Y.P.D.,22,0,7,22,29
309,Destiny (Irene Adler),22,1,2,23,25
773,Alistaire Stuart,22,1,1,23,24
473,Selene Gallio,22,1,4,23,27
107,Starjammers,21,0,3,21,24
831,Gambit (Remy LeBeau),21,0,0,21,21
398,S'ym,21,2,4,23,27
767,Weird Happenings Organization,20,1,2,21,23
446,Valerie Cooper,20,1,6,21,27
434,Masque,20,2,2,22,24
311,Avalanche,19,2,1,21,22
119,Hepzibah,18,1,0,19,19
92,Juggernaut (Cain Marko),18,3,6,21,27
103,Elaine Grey,18,1,1,19,20
108,Ch'od,18,1,0,19,19
102,John Grey,18,1,1,19,20
1137,Copycat (Vanessa Carlysle),18,0,0,18,18
51,Amanda Sefton,18,3,1,21,22
120,Raza Longknife,17,1,0,18,18
659,Crimson Commando,17,1,1,18,19
1146,X-Force,17,0,0,17,17
653,Sharon Friedlander,17,0,2,17,19
202,Mastermind (Jason Wyngarde),17,4,2,21,23
551,Lila Cheney,17,4,10,21,31
1144,Feral,17,0,0,17,17
339,Aleytys Forrester,16,1,2,17,19
238,Sage,16,1,0,17,17
655,Sabretooth (Victor Creed),15,2,3,17,20
775,Legion (David Haller),15,0,2,15,17
634,Marauders,15,3,9,18,27
232,Donald Pierce,15,1,2,16,18
544,Empath (Manuel de la Rocha),14,0,0,14,14
686,Right,14,3,4,17,21
353,Siryn (Theresa Cassidy),14,0,1,14,15
654,Thomas Corsi,14,0,2,14,16
678,Gateway,14,5,1,19,20
717,N'astirh,13,0,4,13,17
182,Mariko Yashida,13,5,5,18,23
584,Spiral,13,5,1,18,19
828,Charlotte Jones,13,0,0,13,13
307,Brotherhood of Evil Mutants,13,1,17,14,31
101,Multiple Man (James Madrox),13,1,0,14,14
713,Magistrates,13,1,2,14,16
638,Scalphunter,12,2,0,14,14
243,Murray Reese,12,0,0,12,12
241,Wade Cole,12,0,0,12,12
223,Dai Thomas,12,0,1,12,13
242,Angelo Macon,12,0,0,12,12
1319,Opul Lun Sat-Yr-Nin (Earth-794),12,0,2,12,14
661,Super Saber,12,0,1,12,13
81,Black Tom Cassidy,12,2,3,14,17
680,Reavers,12,0,8,12,20
626,Lady Deathstrike (Yuriko Oyama),12,0,0,12,12
431,Sunder,12,2,0,14,14
109,Cr'reee,12,1,0,13,13
637,Malice (Alice MacAllister),12,0,1,12,13
123,Kallark,11,2,0,13,13
718,Tam Anderson,11,0,0,11,11
542,Hellions,11,0,5,11,16
53,Peter Corbeau,11,0,0,11,11
433,Pestilence (Plague),11,1,0,12,12
1174,Horsemen of Apocalypse,11,0,0,11,11
200,Arcade,11,1,0,12,12
201,Miss Locke,11,0,0,11,11
750,Nanny,11,0,2,11,13
94,Misty Knight,11,1,3,12,15
681,Bonebreaker,11,0,0,11,11
714,Genegineer,11,0,2,11,13
1170,Famine (Autumn Rolfson),11,1,0,12,12
1168,War (Abraham Kieros),11,1,0,12,12
829,Mutant Liberation Front,10,0,3,10,13
792,Guido,10,0,1,10,11
1301,Nigel Frobisher,10,0,1,10,11
660,Stonewall,10,0,2,10,12
231,Black Bishop (Harry Leland),10,2,3,12,15
768,Alysande Stuart,10,0,0,10,10
751,Orphan-Maker (Peter),10,0,0,10,10
1243,Opal Tanaka,10,0,0,10,10
338,Henry Gyrich,10,1,0,11,11
379,Deathbird,9,1,8,10,18
635,Arclight,9,2,0,11,11
381,Sikorsky,9,1,0,10,10
916,Jetstream,9,1,0,10,10
708,Jennifer Ransome,9,0,1,9,10
636,Harpoon,9,3,0,12,12
1053,Gosamyr,9,0,0,9,9
716,Wipeout,9,0,2,9,11
485,Adversary,9,0,3,9,12
87,S.H.I.E.L.D.,9,0,10,9,19
537,Nimrod (Earth-811),9,0,5,9,14
122,Imperial Guard,9,1,3,10,13
770,Jacob Reisz,9,1,2,10,12
1139,Gideon,9,1,0,10,10
1298,Metropolitan Police Service,9,0,0,9,9
1592,Garrison Kane,9,1,1,10,11
545,Roulette,9,1,0,10,10
1588,George Washington Bridge,9,0,1,9,10
682,Pretty Boy,9,0,0,9,9
1117,Stryfe (Nathan Summers),9,0,1,9,10
184,Colleen Wing,8,0,1,8,9
715,Phillip Moreau,8,1,0,9,9
1073,Eitri,8,0,0,8,8
958,Hela,8,1,2,9,11
445,National Security Council,8,0,0,8,8
917,Tarot,8,1,0,9,9
154,Araki,8,0,0,8,8
1140,Deadpool (Wade Wilson),8,0,1,8,9
915,Catseye,8,1,0,9,9
769,Lian Shen,8,1,0,9,9
237,Candy Southern,8,4,1,12,13
711,Pipeline,8,0,0,8,8
163,Sauron,8,3,1,11,12
244,Senator Robert Kelly,8,1,4,9,13
1124,Tyler Dayspring (Earth-4935),8,0,5,8,13
852,Emmanuel Da Costa,7,0,14,7,21
448,Project Wideawake,7,0,1,7,8
205,Spider-Man (Peter Parker),7,2,6,9,15
656,Mister Sinister (Nathaniel Essex),7,1,10,8,18
538,Magus (Warlock's Father),7,2,5,9,14
640,Vertigo (Savage Land Mutate),7,2,0,9,9
683,Skullbuster,7,0,0,7,7
440,Silver Samurai,7,0,1,7,8
1116,Forearm,7,0,0,7,7
1204,Seera,7,0,0,7,7
66,Nick Fury,7,5,3,12,15
1209,Rejects,7,0,0,7,7
1206,Lev,7,0,0,7,7
132,Sybil (Oracle),7,1,0,8,8
1076,Hrimhari,7,0,2,7,9
1110,Wildside,7,0,0,7,7
48,Shi'ar Imperial Fleet,7,0,1,7,8
1203,Chosen,7,0,0,7,7
1202,Gammenon the Gatherer,7,0,0,7,7
1112,Zero,7,1,0,8,8
15,Avengers,7,3,33,10,43
10,Sunfire (Shiro Yoshida),7,3,0,10,10
1149,Tower,7,0,0,7,7
556,Fenris,6,0,0,6,6
1132,Jun Tenta,6,0,0,6,6
172,Zala Dane,6,0,3,6,9
1218,Dykon,6,0,0,6,6
1216,Beginagains,6,0,0,6,6
402,Gabrielle Haller,6,1,0,7,7
572,Ape (Morlock),6,0,0,6,6
152,James Hudson,6,1,0,7,7
558,Andreas von Strucker,6,0,1,6,7
894,Nina Da Costa,6,0,7,6,13
561,Alexei Vazhin,6,0,1,6,7
639,Scrambler,6,2,0,8,8
50,D'ken Neramani,6,3,3,9,12
143,Captain America (Steve Rogers),6,2,2,8,10
141,Waldo (Computer),6,1,0,7,7
441,Ophelia Sarkissian,6,1,1,7,8
290,Vera Cantor,6,1,0,7,7
17,United States Army,6,0,0,6,6
1205,Rask,6,0,0,6,6
183,Daughters of the Dragon,6,0,0,6,6
1049,Bird-Brain,6,0,1,6,7
467,Beyonder,6,1,16,7,23
27,United States Air Force,6,0,2,6,8
1210,Zharkah,6,0,0,6,6
952,Valkyrior,6,1,12,7,19
135,Starbolt,6,1,0,7,7
139,Mister Fantastic,6,1,6,7,13
492,Friedrich von Roehm,6,1,1,7,8
159,Mesmero (Vincent),6,1,0,7,7
65,Doctor Doom,5,0,4,5,9
1212,Palik,5,0,0,5,5
262,Uatu,5,0,0,5,5
571,Erg,5,0,0,5,5
709,Press Gang,5,0,2,5,7
1297,Courtney Ross,5,0,0,5,5
779,Matsu'o Tsurayaba,5,0,0,5,5
377,Greer Nelson,5,0,0,5,5
1113,Pantu Hurageb,5,0,0,5,5
140,The Thing,5,3,0,8,8
1176,Infectia (Josephine),5,0,0,5,5
573,Tar Baby,5,0,0,5,5
105,Proteus (Kevin MacTaggert),5,1,6,6,12
42,Steven Lang,5,0,0,5,5
47,Davan Shakari,5,1,0,6,6
43,Michael Rossi,5,0,3,5,8
489,Jaime Rodriguez,5,0,0,5,5
36,Anthony Stark,5,0,4,5,9
927,Gladiators,5,0,0,5,5
1084,Kevin Mortensen,5,0,0,5,5
496,Lucius Aquilla,5,0,7,5,12
170,Kevin Plunder,5,1,1,6,7
1095,Kindra,5,0,0,5,5
557,Andrea von Strucker,5,0,1,5,6
1083,Gunnhild,5,0,0,5,5
206,Mister Chambers,5,0,0,5,5
1603,Neena Thurman,5,0,0,5,5
245,Doctor Strange,5,1,4,6,10
1052,Spyder,5,1,0,6,6
710,Hawkshaw,4,0,0,4,4
490,Kulan Gath (Impostor),4,0,0,4,4
696,Tension,4,0,0,4,4
436,Healer (Morlock),4,1,3,5,8
1215,Wilghe,4,0,0,4,4
1214,Vlon,4,0,0,4,4
117,Thor Odinson,4,2,10,6,16
1612,Weapon P.R.I.M.E.,4,0,1,4,5
112,Pyreus Kril,4,0,1,4,5
1360,China Doll (Earth-TRN297),4,0,0,4,4
1361,Waxworks (Earth-TRN298),4,0,0,4,4
712,Punchout,4,1,0,5,5
190,Michael Twoyoungmen,4,1,0,5,5
1363,Thug (Earth-TRN306),4,0,0,4,4
1597,Lucia Callasantos,4,0,1,4,5
1359,Joyboy (Earth-TRN300),4,0,0,4,4
720,Michael Baer,4,0,0,4,4
1358,Bodybag (Earth-TRN296),4,0,0,4,4
643,Grey Havero,4,0,0,4,4
566,Jack Power,4,0,0,4,4
1349,Gatecrasher (Earth-TRN295),4,2,0,6,6
565,Julie Power,4,0,1,4,5
563,Power Pack,4,0,2,4,6
376,Samédàr,4,0,0,4,4
1324,Callisto (Earth-597),4,0,0,4,4
1323,Moira MacTaggert (Earth-597),4,0,1,4,5
562,Katherine Power,4,0,0,4,4
1350,Yap (Earth-TRN307),4,1,0,5,5
642,Conal Duran,4,0,0,4,4
1313,Vixen (British Crimelord),4,0,0,4,4
41,Project Armageddon,4,0,1,4,5
1351,Lockheed (Earth-597),4,3,2,7,9
352,Jessica Drew,4,0,0,4,4
1277,Gauntlet (Dark Riders),4,0,0,4,4
1274,Dark Riders,4,0,0,4,4
673,Manoli Wetherell,4,0,0,4,4
1244,Crimson (Ravens),4,0,0,4,4
1220,Nikoh,4,0,0,4,4
1219,Agrom,4,0,0,4,4
44,N'Daré,4,1,2,5,7
570,Beautiful Dreamer (Morlock),4,0,0,4,4
1177,Infectia's Anti-Bodies,4,0,0,4,4
191,Narya,4,1,0,5,5
721,Prism (Robbie),4,0,0,4,4
1074,Warriors Three,4,0,2,4,6
778,Jennifer Walters,4,0,1,4,5
784,Monarch (James Braddock Jr.),4,2,1,6,7
790,Jack Wayne (Legion Personality),4,0,0,4,4
1088,Balder Odinson,4,0,2,4,6
147,Fantastic Four,4,1,20,5,25
1089,Volstagg,4,0,2,4,6
1090,Hogun,4,0,1,4,5
268,Mortimer Toynbee,4,2,1,6,7
1126,Hump,4,0,0,4,4
1091,Fandral,4,0,1,4,5
228,Hellfire Knights,4,0,1,4,5
151,Department H,4,0,1,4,5
844,Host (Skrulls),4,0,0,4,4
171,Zabu,4,1,0,5,5
167,Nereel,4,0,1,4,5
1101,Adrian Toomes,4,0,1,4,5
849,Madame Reneau,4,0,0,4,4
1134,Haruo Tsuburaya,4,0,0,4,4
270,Master Mold,4,1,2,5,7
753,Barbarus,4,0,0,4,4
752,Savage Land Mutates,4,0,0,4,4
1050,Ani-Mates,4,0,0,4,4
1153,Joanna Cargill,4,0,0,4,4
1057,X-Terminators,4,0,0,4,4
755,Gaza,4,0,0,4,4
757,Swamp Men,4,0,0,4,4
188,Alpha Flight,4,1,1,5,6
299,X-Men (Earth-811),4,1,1,5,6
287,Scarlet Witch (Wanda Maximoff),4,3,3,7,10
286,Quicksilver (Pietro Maximoff),4,2,3,6,9
1154,Timeshadow,4,0,0,4,4
875,William Lonestar,3,1,11,4,15
1096,Mick Mortensen,3,0,0,3,3
880,Demon Bear,3,2,3,5,8
876,Peg Lonestar,3,2,12,5,17
1602,Theodore Winchester,3,0,0,3,3
884,Thunderiders,3,0,1,3,4
1098,Alaric (Asgardian),3,0,0,3,3
863,Cr'reee (War Skrull),3,0,0,3,3
564,Alexander Power,3,0,0,3,3
862,Christopher Summers (War Skrull),3,0,0,3,3
1615,Pico Halfghanaghan,3,0,0,3,3
1111,Heather Tucker,3,0,0,3,3
1060,Takeshi Matsuya,3,0,0,3,3
861,Hepzibah (War Skrull),3,0,0,3,3
860,Ch'od (War Skrull),3,0,0,3,3
859,Raza Longknife (War Skrull),3,0,0,3,3
858,Skrull Prime,3,0,0,3,3
576,Tyrone Johnson,3,2,2,5,7
1097,Rolfe,3,0,0,3,3
1357,William (Earth-1193),3,0,0,3,3
885,"Winthrop Roan, Jr.",3,0,0,3,3
886,Luke Merriweather,3,0,0,3,3
964,Dane Whitman,3,0,0,3,3
1596,Eileen Harsaw,3,0,1,3,4
1078,Krista,3,0,0,3,3
1582,Simon Williams,3,0,0,3,3
1559,Phoebe Huntsman,3,0,0,3,3
1610,Crule,3,0,1,3,4
1061,Inferno Babies,3,0,4,3,7
1368,Katherine Pryde (Earth-1193),3,0,0,3,3
1613,Yeti (Weapon P.R.I.M.E.),3,0,0,3,3
963,Hercules Panhellenios,3,0,1,3,4
1362,Numbers (Earth-TRN301),3,0,0,3,3
930,Max Rocker,3,0,0,3,3
929,Ivich Williamson,3,0,0,3,3
477,Naze,3,0,0,3,3
578,Michael Bowen,3,0,1,3,4
925,Cyndi (Legion Personality),3,0,0,3,3
924,Jemail Karami,3,0,1,3,4
1614,Tigerstryke (Mitchell),3,0,0,3,3
1055,Crotus,3,0,0,3,3
887,Wolf (Thunderiders),3,0,0,3,3
1093,Karnilla,3,0,2,3,5
577,Tandy Bowen,3,2,2,5,7
1343,Wilbur Griswald (Earth-99476),3,0,0,3,3
856,Manacle (Deathbird),3,0,0,3,3
855,Avengers West Coast,3,0,1,3,4
657,Ben Locklin,3,0,0,3,3
1275,Foxbat,3,0,0,3,3
1247,Coral (Ravens),3,0,0,3,3
791,Freddie Stanachek,3,0,0,3,3
1246,Ravens,3,0,0,3,3
1242,Mole (Morlock),3,0,0,3,3
1233,Ziran,3,0,0,3,3
782,Mandarin,3,0,1,3,4
690,Josey Thomas,3,0,0,3,3
691,Brood Mutants,3,0,0,3,3
692,Temptress (Brood Mutants),3,0,0,3,3
694,Dive-Bomber,3,0,0,3,3
695,Lockup,3,0,0,3,3
1143,Externals,3,0,4,3,7
697,Robert Delgado,3,0,0,3,3
698,Whiphand,3,0,0,3,3
699,Blindside (Brood),3,0,0,3,3
700,Harry Palmer,3,0,0,3,3
764,Worm (Savage Land Mutate),3,0,0,3,3
1213,Ryest,3,0,0,3,3
763,Lupo,3,0,0,3,3
762,Brainchild,3,0,0,3,3
754,Amphibius,3,0,0,3,3
1157,Alliance of Evil,3,0,0,3,3
1158,Wendy Sherman,3,0,0,3,3
1276,Tusk (Inhuman),3,0,0,3,3
1280,Barrage,3,0,0,3,3
1282,Jen Askani (Earth-4935),3,0,0,3,3
631,San Francisco Police Department,3,0,0,3,3
1346,Susie Griswald (Earth-99476),3,0,0,3,3
1345,Calvin Griswald (Earth-99476),3,0,0,3,3
1344,Martha Griswald (Earth-99476),3,0,0,3,3
598,United Nations,3,0,0,3,3
1114,Kristina Anderson,3,0,0,3,3
602,Neal Conan,3,0,1,3,4
1162,Worthington Industries,3,0,0,3,3
617,Lindsay McCabe,3,0,0,3,3
1333,Kurt Wagner (Earth-597),3,0,0,3,3
629,Sabrina Morrel,3,0,0,3,3
630,Julia Carpenter,3,0,1,3,4
1332,Brian Braddock (Earth-597),3,0,0,3,3
1305,Crazy Gang,3,0,1,3,4
1331,Katherine Pryde (Earth-597),3,0,0,3,3
1330,Lightning Force (Earth-597),3,0,0,3,3
1115,Juliana Worthing,3,0,0,3,3
845,Charles Xavier (War Skrull),3,0,0,3,3
824,Debra Levin,3,0,0,3,3
1125,Brute (Morlock),3,0,0,3,3
806,Bliss (Morlock),3,0,0,3,3
645,Phil Hovannes,3,0,0,3,3
794,Cylla Markham,3,0,0,3,3
1306,Tweedledope,3,0,0,3,3
652,Janos Quested,3,0,0,3,3
910,Marcus Gallio,3,0,0,3,3
808,Nguyen Ngoc Coy,3,1,4,4,8
1616,Segismund Joshua,3,0,0,3,3
126,Fang (Imperial Guard),3,1,0,4,4
160,Nanny (Magneto's Robot),3,0,0,3,3
149,James Carter,3,0,0,3,3
148,Jonathan Storm,3,2,1,5,6
145,Janet Van Dyne,3,1,0,4,4
137,Titan,3,1,0,4,4
136,Grannz,3,1,0,4,4
131,Nightside,3,0,0,3,3
408,Wolfgang von Strucker,3,0,1,3,4
416,Living Armada,3,0,0,3,3
88,Vanisher,3,1,1,4,5
70,Lois Lane,3,0,0,3,3
69,Clark Kent,3,0,0,3,3
64,Bonnie Wilford,3,0,0,3,3
63,Julius Schwartz,3,0,0,3,3
61,Dave Cockrum,3,0,0,3,3
60,Chris Claremont,3,0,0,3,3
164,Fall People,3,0,0,3,3
174,Garokk,3,1,0,4,4
180,Amahl Farouk,3,2,0,5,5
198,Heather McNeil,3,0,1,3,4
322,Kurt Wagner (Earth-811),3,0,0,3,3
320,Charles Xavier (Earth-811),3,0,1,3,4
306,Sentinel Omega Class (Earth-811),3,1,0,4,4
305,Ororo Munroe (Earth-811),3,2,0,5,5
304,Piotr Rasputin (Earth-811),3,2,0,5,5
302,James Howlett (Earth-811),3,2,0,5,5
288,Namor McKenzie,3,1,0,4,4
358,Ronald Reagan,3,0,4,3,7
361,Margaret Thatcher,3,0,3,3,6
256,B'nee and C'cil,3,0,0,3,3
252,Edwin Jarvis,3,0,0,3,3
251,Sara Grey,3,0,1,3,4
227,Theresa Pryde,3,2,8,5,13
226,Carmen Pryde,3,2,8,5,13
204,Maelen,3,0,0,3,3
52,Elisabeth Wilford,3,0,0,3,3
134,Vril-Rokk,3,2,0,5,5
11,John Proudstar,3,3,7,6,13
439,Yukio,3,0,3,3,6
19,Luchino Nefaria,3,1,1,4,5
1372,Ringtoss (Earth-TRN304),2,0,0,2,2
918,Westchester County Police Department,2,0,1,2,3
1583,Niamh Chinn Óir,2,0,0,2,2
207,Alexei Vazhin (Android),2,0,0,2,2
961,Sheila Ramsey,2,0,1,2,3
960,Philip Ramsey,2,0,1,2,3
959,Analie Hogarth,2,0,0,2,2
953,Odin Borson,2,0,7,2,9
936,Shellbot,2,0,0,2,2
935,Lexi,2,0,0,2,2
931,Ray (Gladiators),2,0,0,2,2
898,Lucinda Guthrie,2,1,4,3,7
914,Da Costa International,2,0,1,2,3
1020,Roberto Da Costa (Earth-87050),2,0,1,2,3
895,Axe (Mutant),2,0,0,2,2
891,Georgianna Castleberry,2,0,0,2,2
890,Leonard Hebb,2,0,0,2,2
889,James McDonald,2,0,0,2,2
888,Marauder,2,0,0,2,2
1584,Desmond Pitt,2,0,0,2,2
28,North American Aerospace Defense Command,2,0,0,2,2
1019,Arbitrators (Earth-87050),2,0,1,2,3
1051,Frederick Animus,2,2,0,4,4
1021,Amara Aquilla (Earth-87050),2,0,1,2,3
878,Sentinels Mk V,2,2,0,4,4
1075,Einherjar,2,0,3,2,5
185,Moses Magnum,2,1,0,3,3
1071,Wong,2,0,0,2,2
1070,Trista,2,0,0,2,2
1069,Toko,2,0,0,2,2
1068,Timothy (Inferno Baby),2,0,0,2,2
1067,Shauna,2,0,0,2,2
1066,Russell (Inferno Baby),2,0,0,2,2
1065,Maw (Inferno Baby),2,0,0,2,2
1064,Face (Inferno Baby),2,0,0,2,2
1063,Bob (Inferno Baby),2,0,0,2,2
1062,Alex (Inferno Baby),2,0,0,2,2
189,Jean-Paul Beaubier,2,2,0,4,4
192,Walter Langkowski,2,1,0,3,3
193,Jeanne-Marie Beaubier,2,1,0,3,3
194,Pierre Trudeau,2,0,0,2,2
195,Terry Austin,2,0,0,2,2
1054,Dupen'th,2,0,0,2,2
1569,Shelby Montrobe,2,0,0,2,2
879,Craig Sinclair,2,1,2,3,5
864,P!rai,2,0,0,2,2
866,Elizabeth Braddock (War Skrull),2,0,0,2,2
780,Hand,2,0,2,2,4
771,Stuart Haydn,2,0,0,2,2
22,Henry Hawk,2,1,0,3,3
760,Shanna O'Hara,2,0,1,2,3
292,Georges Baptiste,2,0,0,2,2
756,Whiteout,2,0,0,2,2
293,Eileen Parnall,2,0,0,2,2
21,Gordon Keefer,2,1,0,3,3
730,Sentinels Mk VI,2,1,0,3,3
20,Ani-Men,2,1,1,3,4
726,Victor Milan,2,0,0,2,2
725,Lewis Shiner,2,0,0,2,2
724,Melinda Snodgrass,2,0,0,2,2
723,George Martin,2,0,0,2,2
722,M-Squad,2,0,1,2,3
18,Lieutenant General Fredricks,2,0,1,2,3
318,Scott Summers (Earth-811),2,0,2,2,4
703,Hannah Conover,2,0,0,2,2
702,William Conover,2,0,0,2,2
693,Brickbat,2,0,0,2,2
23,Townshend Horgan,2,1,0,3,3
783,Li Fong (Mandarin),2,0,0,2,2
1371,Ferro² (Earth-TRN299),2,0,0,2,2
787,Rose Wu,2,0,1,2,3
857,Yuri Semyanov,2,0,0,2,2
1589,Arianna Jankos,2,0,0,2,2
1591,Department K,2,0,3,2,5
254,Gailyn Bailey,2,0,1,2,3
255,Joseph Bailey,2,0,1,2,3
25,Francois Le Blanc,2,1,0,3,3
258,Hussar,2,0,0,2,2
259,Earthquake,2,0,0,2,2
822,Charles Xavier (Masque's Doppelganger),2,0,0,2,2
821,Alexander Summers (Masque's Doppelganger),2,0,0,2,2
818,Ororo Munroe (Masque's Doppelganger),2,0,0,2,2
815,Scott Summer (Masque's Doppelganger),2,0,0,2,2
814,James Howlett (Masque's Doppelganger),2,0,0,2,2
813,Kurt Wagner (Masque's Doppelganger),2,0,0,2,2
811,Warren Worthington III (Masque's Doppelganger),2,0,0,2,2
807,Bouncer (Morlock),2,1,0,3,3
802,Harry Malone,2,0,0,2,2
793,Eric Beale,2,0,1,2,3
24,Veronica Dultry,2,1,1,3,4
181,Captain Hama,2,0,0,2,2
1505,Anthony Stark (Earth-2122),2,0,0,2,2
175,Tanya Anderssen,2,1,0,3,3
1270,Rita Tanaka,2,0,0,2,2
1284,Crystalia Amaquelin,2,0,0,2,2
74,X-Sentinels,2,1,0,3,3
75,Charles Xavier (X-Sentinel),2,0,0,2,2
1279,Hard-Drive,2,0,0,2,2
76,Scott Summers (X-Sentinel),2,0,0,2,2
77,Jean Grey (X-Sentinel),2,0,0,2,2
78,Henry McCoy (X-Sentinel),2,0,0,2,2
79,Warren Worthington III (X-Sentinel),2,0,0,2,2
1271,Shizu'ko,2,0,0,2,2
1269,George Tanaka,2,0,0,2,2
80,Robert Drake (X-Sentinel),2,0,0,2,2
1268,Tatsu'o,2,0,0,2,2
1267,Hiro (Cyburai),2,0,0,2,2
1263,Cyburai,2,0,0,2,2
1262,Clan Tatsu,2,0,0,2,2
1261,Yakuza,2,0,0,2,2
1254,Timothy Jones (Child),2,0,0,2,2
1252,Beryl,2,0,0,2,2
1251,Cerise (Ravens),2,0,0,2,2
1250,Cobalt (Ravens),2,0,0,2,2
1285,Blackagar Boltagon,2,0,0,2,2
1286,Karnak Mander-Azur,2,0,0,2,2
1287,Gorgon Petragon,2,0,0,2,2
1480,Emma Collins,2,0,0,2,2
1370,Queen Consort (Earth-1193),2,0,0,2,2
1369,Queen Mother (Earth-1193),2,0,0,2,2
1462,Kymri (Earth-1289),2,0,0,2,2
1365,Ogre (Earth-1193),2,0,1,2,3
1364,Shaitan (Earth-1193),2,0,0,2,2
1463,Lockheed (Earth-1289),2,0,0,2,2
1334,Meggan Puceanu (Earth-597),2,0,0,2,2
1464,Anjulie (Earth-1289),2,0,0,2,2
1471,Dirty Angels Strike Force (Earth-9019),2,0,0,2,2
1472,Rico (Earth-9019),2,0,0,2,2
1473,Kay (Earth-9019),2,0,0,2,2
67,Valentina Allegra de Fontaine,2,0,0,2,2
1312,Colin McKay,2,0,2,2,4
1311,Gateway Technologies,2,0,0,2,2
1310,Executioner (Crazy Gang),2,1,0,3,3
1309,Knave (Crazy Gang),2,1,0,3,3
1308,Red Queen,2,2,0,4,4
1307,Jester IV,2,1,0,3,3
1474,"James Braddock, Jr. (Earth-9019)",2,0,1,2,3
1249,Paul Burton,2,0,1,2,3
1241,Jakub Kurczak,2,0,0,2,2
1501,Amahl Farouk (Earth-2122),2,0,0,2,2
1496,Alysande Stuart (Earth-2122),2,0,0,2,2
133,Neutron (Imperial Guard),2,2,0,4,4
1147,Emma la Porte,2,0,0,2,2
669,Eye Killers,2,0,0,2,2
1489,Moira MacTaggert (Earth-2122),2,0,0,2,2
1492,Archangel (Earth-2122),2,0,0,2,2
1138,Ophrah Industries,2,0,0,2,2
1494,Weird Happenings Organization (Earth-2122),2,0,0,2,2
1133,Tamara Kurtz,2,0,0,2,2
1495,Alistaire Stuart (Earth-2122),2,0,0,2,2
1498,Dai Thomas (Earth-2122),2,0,0,2,2
1234,Arishem,2,0,0,2,2
1106,Toothgrinder,2,0,0,2,2
1105,Toothgnasher,2,0,0,2,2
1104,Ula,2,0,0,2,2
1499,Hellfire Club (Earth-2122),2,0,0,2,2
1100,Harokin,2,0,0,2,2
1099,Skurge,2,0,0,2,2
165,Tongah,2,0,0,2,2
166,Seesha,2,0,0,2,2
1094,Buri,2,0,2,2,4
1150,Carl Maddicks,2,0,0,2,2
1488,Charles Xavier (Earth-2122),2,0,0,2,2
130,Mentor (Imperial Guard),2,1,0,3,3
1156,Michael Nowlan,2,0,0,2,2
1482,X-Men (Earth-2122),2,0,0,2,2
91,Eamon O'Donnell,2,0,0,2,2
95,David Munroe,2,1,1,3,4
96,Achmed El Gibár,2,0,2,2,4
106,Angus MacWhirter,2,3,0,5,5
113,K'rk 'N'Kazaii,2,0,0,2,2
115,Galan,2,0,10,2,12
1200,Ophelia Jones,2,0,0,2,2
1199,Phumm,2,0,0,2,2
1198,Phough,2,0,0,2,2
1197,Phee,2,0,0,2,2
1483,Bran Braddock (Earth-2122),2,0,0,2,2
1196,Phay,2,0,0,2,2
1195,Phy,2,0,0,2,2
1194,Troll Associates,2,0,0,2,2
1193,Thomas Jones,2,0,0,2,2
1189,Lost Boys (And Girls),2,0,0,2,2
1484,Jean Grey (Earth-2122),2,0,0,2,2
1159,Susan Nowlan,2,0,0,2,2
677,Los Angeles Police Department,2,0,2,2,4
442,Clan Yashida,2,0,3,2,5
403,Daniel Shomron,2,0,2,2,4
346,Death,2,4,2,6,8
350,Federal Bureau of Investigation,2,0,3,2,5
504,Rogue (Anna Marie) (Earth-8591),2,0,0,2,2
503,Ororo Munroe (Earth-8591),2,0,0,2,2
428,Philip Summers,2,0,2,2,4
554,Tomas Rodriguez,2,0,0,2,2
604,Loki Laufeyson,2,1,2,3,5
345,Doom Squad,2,0,0,2,2
459,Roberta,2,0,0,2,2
344,D'Spayre,2,0,0,2,2
522,Amara Aquilla (Earth-8591),2,0,0,2,2
662,Diane Duane,2,0,0,2,2
427,Deborah Summers,2,0,2,2,4
502,Kurt Wagner (Earth-8591),2,0,0,2,2
404,National Socialist German Workers Party,2,1,9,3,12
505,Callisto (Earth-8591),2,0,0,2,2
506,Selene Gallio (Earth-8591),2,0,0,2,2
507,Rachel Summers (Earth-8591),2,0,0,2,2
378,N'Rill'Iree,2,0,0,2,2
508,Illyana Rasputina (Earth-8591),2,0,0,2,2
509,Peter Parker (Earth-8591),2,0,0,2,2
510,Warlock (Technarch) (Earth-8591),2,0,0,2,2
511,Vizier's Guard (Earth-8591),2,0,0,2,2
512,Morlocks (Earth-8591),2,0,0,2,2
513,Mark Hallett (Earth-8591),2,0,0,2,2
521,Caliban (Earth-8591),2,0,0,2,2
520,Charles Xavier (Earth-8591),2,0,0,2,2
514,New Mutants (Earth-8591),2,0,0,2,2
515,Rahne Sinclair (Earth-8591),2,0,0,2,2
516,Danielle Moonstar (Earth-8591),2,0,0,2,2
517,Roberto Da Costa (Earth-8591),2,0,0,2,2
518,Samuel Guthrie (Earth-8591),2,0,0,2,2
527,Stephen Strange (Earth-8591),2,0,0,2,2
663,Priscilla Morrison,2,0,0,2,2
382,Haeg'Rill,2,0,0,2,2
497,Avengers (Earth-8591),2,0,0,2,2
449,X-Men (Arcade's Robots),2,0,0,2,2
569,Annalee,2,0,0,2,2
479,Nicholas Damiano,2,0,0,2,2
618,Judith Rassendyll,2,0,0,2,2
450,Wolverine (Arcade's Robot),2,0,0,2,2
391,Kam'N'Ehar,2,0,0,2,2
393,Defense Advanced Research Projects Agency,2,0,1,2,3
452,Storm (Arcade's Robot),2,0,0,2,2
453,Rogue (Arcade's Robot),2,0,0,2,2
455,Colossus (Arcade's Robot),2,0,0,2,2
519,Kulan Gath (Impostor) (Earth-8591),2,0,1,2,3
501,Piotr Rasputin (Earth-8591),2,0,0,2,2
500,Eros (Earth-8591),2,0,0,2,2
498,Steven Rogers (Earth-8591),2,0,0,2,2
499,Janet Van Dyne (Earth-8591),2,0,0,2,2
1256,Liz Barnes,1,0,0,1,1
523,United States Navy,1,0,0,1,1
1230,Mohawk (Children of Heaven),1,0,0,1,1
1231,Phillip (Children of Heaven),1,0,0,1,1
1232,Hargen,1,0,0,1,1
82,Robert Chalmers,1,0,0,1,1
1264,Die'ode,1,0,0,1,1
86,Lorna Dane (X-Sentinel),1,0,0,1,1
1235,Boomer (Reject),1,0,0,1,1
525,Wanda Maximoff (Earth-8591),1,1,0,2,2
1260,Sam Mellon,1,0,0,1,1
524,Vision (Earth-8591),1,1,0,2,2
1253,Ruby (Ravens),1,0,0,1,1
1257,George Jones,1,0,0,1,1
1236,Wilson Fisk,1,0,1,1,2
1259,Marty Smith,1,0,0,1,1
1237,Roderick Kingsley,1,0,0,1,1
1258,Roderick Campbell (Earth-811),1,0,1,1,2
1238,Johann Shmidt,1,0,0,1,1
1248,Azure,1,0,0,1,1
1240,One Above All (Celestial),1,0,0,1,1
528,Arilynn Williams (Earth-8591),1,0,0,1,1
85,Alexander Summers (X-Sentinel),1,0,0,1,1
84,Gerald Michael Rivera,1,0,0,1,1
83,Roger Grimsby,1,0,0,1,1
1245,Frederik Spense,1,0,0,1,1
1255,Charlie Grant,1,0,0,1,1
1239,Madcap,1,0,0,1,1
670,Akira,1,0,0,1,1
1265,Fu'se,1,0,0,1,1
1266,Katsu'ta'ro,1,0,0,1,1
68,Matthew Murdock,1,0,2,1,3
495,United States Navy (Earth-811),1,0,0,1,1
1314,Ducks (Warwolf),1,0,0,1,1
1315,Criminal Investigation Department,1,0,0,1,1
1316,Rupert Holloway,1,0,1,1,2
1317,Wally Wuggens,1,0,0,1,1
1318,British Army,1,1,0,2,2
1320,Shadowcompsognathus (Earth-99476),1,0,0,1,1
1321,Lockheed (Earth-99476),1,0,0,1,1
1322,Opal Luna Saturnyne (Earth-9),1,1,2,2,4
412,Daily Bugle (The DB!),1,0,0,1,1
62,Paty Cockrum,1,0,0,1,1
1327,Miss Octavia,1,0,0,1,1
1328,Barbara McAllister,1,0,0,1,1
1329,Otto Octavius,1,0,0,1,1
413,Dzílòs,1,0,0,1,1
414,Komitet Gosudarstvennoy Bezopasnosti,1,0,3,1,4
1304,Zz'ria (Earth-148),1,0,0,1,1
1303,Brion Burdack (Earth-148),1,0,0,1,1
1302,Ai'sha (Earth-148),1,0,0,1,1
1289,Triton,1,0,0,1,1
1272,Ko'ichi,1,0,0,1,1
1273,Toshi,1,0,0,1,1
1278,Psynapse,1,0,1,1,2
1281,Rick Carmichael,1,0,0,1,1
1283,Sersi,1,0,0,1,1
1228,Slimeball (Children of Heaven),1,0,0,1,1
1288,Lockjaw,1,0,0,1,1
1290,Shinobi Shaw,1,0,0,1,1
1300,Jacko Petrie,1,0,0,1,1
1291,Boak (Earth-4935),1,0,0,1,1
1292,Clan Askani (Earth-4935),1,0,0,1,1
1293,Medusalith Amaquelin,1,0,1,1,2
73,Sentinel L-1,1,0,0,1,1
72,Mikhail Kutuzov,1,0,0,1,1
71,Project Starcore,1,0,2,1,3
1299,Ray Mulholland,1,0,0,1,1
1229,Buzzsaw (Children of Heaven),1,0,0,1,1
1211,Spak,1,0,0,1,1
1227,Voodoo (Donny),1,0,0,1,1
1128,Sebastian (Skrull),1,0,0,1,1
1130,Rekxor,1,0,0,1,1
1131,Gragnon,1,0,0,1,1
146,T'Challa,1,0,0,1,1
559,Mick Travis,1,0,0,1,1
144,Henry Pym,1,0,0,1,1
399,Kurt Wagner (Earth-8280),1,2,1,3,4
142,Modt,1,0,0,1,1
138,Scintilla,1,1,0,2,2
671,Jiro (Japanese),1,0,0,1,1
401,Piotr Rasputin (Earth-8280),1,3,0,4,4
1145,Adam (Gideon),1,0,0,1,1
555,Luis Rodriguez,1,0,0,1,1
1148,Jack Fisher,1,0,0,1,1
552,Hounds (Earth-811),1,0,5,1,6
1151,David Thompson,1,0,0,1,1
1152,Secret Empire,1,0,0,1,1
1155,Martin Davis,1,0,0,1,1
129,Magique,1,0,0,1,1
128,Impulse,1,0,0,1,1
1160,Joe Simsky,1,0,0,1,1
1161,Zeek,1,0,0,1,1
1129,Horio,1,0,0,1,1
1127,Skrull Slavers,1,0,0,1,1
1226,Beth (Children of Heaven),1,0,0,1,1
397,Belasco,1,3,18,4,22
168,Barok,1,0,0,1,1
389,Trypthe,1,0,0,1,1
390,Blackthorn,1,0,0,1,1
568,Margaret Craig,1,0,0,1,1
567,James Power,1,0,0,1,1
1102,Robert Hunter,1,1,2,2,4
1103,Grand Vizier (Asgard),1,0,1,1,2
394,Harmony Young,1,0,0,1,1
1108,Shrannk,1,0,0,1,1
1109,Phineas Mason,1,0,0,1,1
162,John Cheever,1,2,0,3,3
161,Jorge Perez,1,0,0,1,1
395,Vlad Dracula,1,0,1,1,2
158,Daniel Rand,1,0,2,1,3
157,Colosso,1,0,0,1,1
156,Mitchell Tanner,1,0,0,1,1
155,Captain Delaney,1,0,0,1,1
153,Gary Cody,1,0,0,1,1
1123,Samson (Morlock),1,0,0,1,1
150,Katherine Summers,1,5,3,6,9
396,Ororo Munroe (Earth-8280),1,1,1,2,3
127,Hobgoblin (Imperial Guard),1,1,0,2,2
1163,Tunnelers,1,0,0,1,1
1164,Blow-Hard,1,0,0,1,1
1165,Scaleface,1,0,0,1,1
1190,Speedfreak,1,0,0,1,1
1191,Big Top,1,0,0,1,1
1192,Monitor,1,0,0,1,1
407,Hydra,1,0,2,1,3
409,Rudolf Kranz,1,0,0,1,1
410,Tsahal,1,0,0,1,1
1201,Ellie Jones,1,0,0,1,1
536,Arilynn Williams,1,0,0,1,1
114,S'lar,1,0,0,1,1
111,Shi'ar Imperial Intelligence,1,0,0,1,1
1207,Jak,1,0,0,1,1
1208,Swen,1,0,0,1,1
58,Stan Lee,1,0,0,1,1
99,Kelson (Leprechaun),1,0,0,1,1
98,Padraic (Leprechaun),1,0,0,1,1
97,Donal O'Bradaigh,1,0,0,1,1
1221,Larrs,1,0,0,1,1
1222,Wrakk,1,0,0,1,1
1223,Children of Heaven,1,0,0,1,1
1224,Michael (Children of Heaven),1,0,0,1,1
1225,Blowhard (Greg),1,0,0,1,1
546,Angelica Jones,1,0,1,1,2
1188,Karen Blake,1,0,0,1,1
1187,Tammy Blake,1,0,0,1,1
1175,Ariel (Coconut Grove),1,0,0,1,1
1166,Ray Carter,1,0,0,1,1
1167,Savage Wolf Gang,1,0,0,1,1
547,SecBots,1,0,0,1,1
1169,Fallen Angels,1,0,0,1,1
125,Electron (Imperial Guard),1,2,0,3,3
1171,Andrew Blanding,1,0,0,1,1
1172,Joanna Blanding,1,0,0,1,1
1173,Franklin Richards,1,1,1,2,3
124,Astra (Imperial Guard),1,2,0,3,3
121,Soul-Drinker,1,1,0,2,2
1186,Sheila Blake,1,0,0,1,1
118,Charles Xavier (Entity),1,0,0,1,1
1178,Zano (Xartan),1,0,0,1,1
1179,Avengers (Xartans),1,0,0,1,1
1180,Black Knight (Xartan),1,0,0,1,1
1181,She-Hulk (Xartan),1,0,0,1,1
1182,Doctor Druid (Xartan),1,0,0,1,1
1183,Thor (Xartan),1,0,0,1,1
1184,Anthony Druid,1,0,0,1,1
1185,Ed Koch,1,0,0,1,1
59,Jack Kirby,1,0,0,1,1
57,Sentinel T-20,1,0,0,1,1
415,T'Crilēē,1,0,0,1,1
1520,Cassandra Bull (Earth-23238),1,0,0,1,1
1510,Hellfire Club (Earth-811),1,0,0,1,1
1511,Emma Frost (Earth-811),1,0,0,1,1
1512,Sebastian Shaw (Earth-811),1,0,0,1,1
1513,Selene Gallio (Earth-811),1,0,0,1,1
1514,Amahl Farouk (Earth-811),1,0,0,1,1
1515,Katherine Pryde (Earth-23238),1,0,0,1,1
1516,Brian Braddock (Earth-23238),1,0,0,1,1
1517,Elizabeth Braddock (Earth-23238),1,0,0,1,1
1518,Illyana Rasputina (Earth-23238),1,0,0,1,1
1519,Justicers (Earth-23238),1,0,0,1,1
1521,Cadbury (Earth-23238),1,0,0,1,1
1534,Immigration Inspector (Earth-522),1,0,0,1,1
1522,Douglas Ramsey (Earth-23238),1,0,0,1,1
1523,Davey Banner (Earth-23238),1,0,0,1,1
1524,Meggan Puceanu (Earth-23238),1,0,0,1,1
1525,Peter Parker (Earth-23238),1,0,0,1,1
1526,Brundle (Earth-23238),1,0,0,1,1
1527,Sid (Earth-23238),1,0,0,1,1
1528,Sybil Sherman (Earth-9006),1,0,0,1,1
1529,Thracius Magnus (Earth-4100),1,0,0,1,1
1530,Rene de Bragelonne (Earth-1508),1,0,0,1,1
1531,Morwen Powell (Earth-1282),1,0,0,1,1
1509,Courtney Ross (Earth-2122),1,0,0,1,1
1508,Nathan Summers (Earth-2122),1,0,0,1,1
1504,Sons of Liberty (Earth-2122),1,0,0,1,1
1503,Selene Gallio (Earth-2122),1,0,0,1,1
1467,Jean Grey (Earth-1289),1,0,0,1,1
1468,Captains of the Clouds (Earth-1289),1,0,0,1,1
1469,Hounds (Earth-1289),1,0,0,1,1
1470,Nigel Frobisher (Earth-1289),1,0,0,1,1
420,Prophet-Singer,1,0,0,1,1
426,Susan Storm,1,1,2,2,4
1481,Ard-Con,1,0,0,1,1
470,Paul Garwood,1,0,1,1,2
1485,Rahne Sinclair (Earth-2122),1,0,0,1,1
1486,Samuel Guthrie (Earth-2122),1,0,0,1,1
1487,Sean Cassidy (Earth-2122),1,0,0,1,1
468,Japan Ground Self-Defense Force,1,0,0,1,1
1490,Henry McCoy (Earth-2122),1,0,0,1,1
1491,Rogue (Anna Marie) (Earth-2122),1,0,0,1,1
464,Puff,1,1,1,2,3
1497,Metropolitan Police Service (Earth-2122),1,0,0,1,1
463,Amiko Kobayashi,1,0,1,1,2
462,Rusher Street Rebels,1,0,0,1,1
1500,Jason Wyngarde (Earth-2122),1,0,0,1,1
461,Jo (Morlock),1,0,0,1,1
1502,Emma Frost (Earth-2122),1,0,0,1,1
1532,Kozfran (Earth-9246),1,0,0,1,1
1535,Master Archivist (Earth-522),1,0,0,1,1
1465,High Priest (Earth-1289),1,0,0,1,1
1590,Jeremy Clarke,1,0,1,1,2
1576,Silvija Sablinova,1,0,0,1,1
1577,William Baker,1,0,0,1,1
1578,Hobart Brown,1,0,0,1,1
1579,Paladin,1,0,0,1,1
1580,Robert Farrell,1,0,0,1,1
1581,Arnim Zola,1,0,0,1,1
29,Joe Harris,1,0,0,1,1
1586,Ferro (Earth-TRN299),1,0,0,1,1
1587,Phineous Umbridge,1,0,0,1,1
456,Cyclops (Arcade's Robot),1,0,0,1,1
454,Nightcrawler (Arcade's Robot),1,0,0,1,1
1536,Avant Guard (Earth-9),1,0,0,1,1
1601,Six Pack,1,0,3,1,4
451,Kitty Pryde (Arcade's Robot),1,0,0,1,1
1604,Eisenhower Canty,1,0,1,1,2
1606,Garbha-Hsien,1,0,0,1,1
1607,Nicodemus (Mutant),1,0,0,1,1
1608,Burke,1,0,0,1,1
1609,Absalom,1,0,0,1,1
437,"Joseph Danvers, Sr.",1,0,0,1,1
447,Frank Lowell,1,0,0,1,1
438,Mari-Ell,1,0,0,1,1
1575,Wild Pack,1,0,0,1,1
1573,Gunther Gyles,1,0,0,1,1
1572,Amy Keats,1,0,0,1,1
1571,Karen Fink,1,0,0,1,1
1537,Excalibur (Earth-Unknown),1,0,0,1,1
1538,Meggan Puceanu (Earth-Unknown),1,0,0,1,1
1539,Brian Braddock (Earth-Unknown),1,0,0,1,1
1540,Kurt Wagner (Earth-Unknown),1,0,0,1,1
1541,Katherine Pryde (Earth-Unknown),1,0,0,1,1
1542,John Doe (Earth-8908),1,0,0,1,1
1543,Vavara Novikova (Earth-8908),1,0,0,1,1
1544,Alfie O'Meagan (Earth-8908),1,0,0,1,1
1545,Candy Goodstroke (Earth-8908),1,0,0,1,1
1547,Brendan O'Reilly,1,0,0,1,1
1548,Cooter,1,0,0,1,1
1549,Vincent Gardner,1,0,0,1,1
1550,Alexander Power (Pseudoplasm),1,0,0,1,1
1551,Nightmare,1,0,1,1,2
1552,Infant Terrible,1,0,0,1,1
1553,James Power (Pseudoplasm),1,0,0,1,1
1555,Smartship Friday,1,0,0,1,1
1556,Rintrah,1,0,0,1,1
1557,Vega-Men,1,0,0,1,1
1558,Vega-Superior,1,0,0,1,1
1570,Amy Fink,1,0,0,1,1
1466,Pica (Earth-1289),1,0,0,1,1
1457,Meggan Puceanu (Earth-1189),1,0,0,1,1
1335,Wilbur Griswald,1,0,0,1,1
1386,Karnak Mander-Azur (Earth-8910),1,0,0,1,1
1374,Richard Jones (Earth-8910),1,0,0,1,1
1375,Galan (Earth-8910),1,0,0,1,1
1376,Impossible Man (Earth-8910),1,0,0,1,1
1377,Dane Whitman (Earth-1193),1,0,0,1,1
1378,Thor Odinson (Earth-1193),1,0,0,1,1
1379,Crown King (Earth-1193),1,0,0,1,1
1380,Nigel Frobisher (Earth-1193),1,0,0,1,1
1383,Henry Pym (Earth-8910),1,0,0,1,1
1384,Namor McKenzie (Earth-8910),1,0,0,1,1
1385,Ulysses Klaw (Earth-8910),1,0,0,1,1
1387,Blackagar Boltagon (Earth-8910),1,0,0,1,1
1400,Loki Laufeyson (Earth-8910),1,0,0,1,1
1388,Nathaniel Richards (Kang) (Earth-8910),1,0,0,1,1
1389,Zheng Shang-Chi (Earth-8910),1,0,0,1,1
1390,Victor von Doom (Earth-8910),1,0,0,1,1
1391,Steven Rogers (Earth-8910),1,0,0,1,1
1392,Peter Parker (Earth-8910),1,0,0,1,1
1393,Norman Osborn (Earth-8910),1,0,0,1,1
1394,Ronan (Earth-8910),1,0,0,1,1
1395,Psycho-Man (Earth-8910),1,0,0,1,1
1396,Bentley Wittman (Earth-8910),1,0,0,1,1
1397,Roberta (Earth-8910),1,0,0,1,1
1373,Joshua N'Dingi,1,1,0,2,2
481,Phillip Rosen,1,0,0,1,1
482,Hellhounds (Dire Wraiths),1,0,0,1,1
483,Joe Huntley,1,0,0,1,1
1336,Martha Griswald,1,0,0,1,1
1337,Calvin Griswald,1,0,0,1,1
1338,Susie Griswald,1,0,0,1,1
1339,Color Sergeant Vaughn,1,0,0,1,1
388,Sp'yxx,1,0,0,1,1
56,Sentinel A7,1,0,0,1,1
55,Sentinel A3,1,0,0,1,1
54,Sentinel A1,1,0,0,1,1
1347,Color Sergeant Vaughn (Earth-99476),1,0,0,1,1
488,Illyana Rasputina (Earth-811),1,0,0,1,1
1352,Excalibur (Earth-8919),1,0,0,1,1
1353,Katherine Pryde (Earth-8919),1,0,0,1,1
1354,Meggan Puceanu (Earth-8919),1,0,0,1,1
1355,Brian Braddock (Earth-8919),1,0,0,1,1
1356,Kurt Wagner (Earth-8919),1,0,0,1,1
40,Kierrok,1,0,0,1,1
38,Bruce Banner,1,2,10,3,13
35,Maggia,1,0,2,1,3
487,Jimaine Szardos (Earth-811),1,0,0,1,1
486,Jean Grey (Earth-811),1,0,6,1,7
1366,Goliath (Horse) (Earth-1193),1,0,0,1,1
1399,Vision (Earth-8910),1,0,0,1,1
1401,Anthony Stark (Earth-8910),1,0,0,1,1
1454,Frankenstein's Monster (Earth-8926),1,0,0,1,1
1440,Scott Summers (Earth-8910),1,0,0,1,1
1430,Dormammu (Earth-8910),1,0,0,1,1
1431,Uatu (Earth-8910),1,0,0,1,1
1432,Blastaar (Earth-8910),1,0,0,1,1
1433,Fantastic Four (Earth-8910),1,0,0,1,1
1434,Reed Richards (Earth-8910),1,0,0,1,1
1435,Jonathan Storm (Earth-8910),1,0,0,1,1
1436,Benjamin Grimm (Earth-8910),1,0,0,1,1
1437,Susan Storm (Earth-8910),1,0,0,1,1
1438,X-Men (Earth-8910),1,0,0,1,1
1439,Ororo Munroe (Earth-8910),1,0,0,1,1
1441,Robert Drake (Earth-8910),1,0,0,1,1
1402,Wanda Maximoff (Earth-8910),1,0,0,1,1
1442,Rogue (Anna Marie) (Earth-8910),1,0,0,1,1
1443,Alexander Summers (Earth-8910),1,0,0,1,1
1444,Max Eisenhardt (Earth-8910),1,0,0,1,1
1445,Janet Van Dyne (Earth-8910),1,0,0,1,1
1446,Cain Marko (Earth-8910),1,0,0,1,1
1447,Klaus Voorhees (Earth-8910),1,0,0,1,1
1448,Gorgon Petragon (Earth-8910),1,0,0,1,1
1449,Kura,1,0,0,1,1
1452,Alysande Stuart (Earth-8926),1,0,0,1,1
1453,Alistaire Stuart (Earth-8926),1,0,0,1,1
1429,Advanced Idea Mechanics (Earth-8910),1,0,0,1,1
1428,Annihilus (Earth-8910),1,0,0,1,1
1427,Norrin Radd (Earth-8910),1,0,0,1,1
1426,Jennifer Walters (Earth-8910),1,0,0,1,1
1403,Pietro Maximoff (Earth-8910),1,0,0,1,1
1404,Bruce Banner (Earth-8910),1,0,0,1,1
1406,Thor Odinson (Earth-8910),1,0,0,1,1
1407,George Tarleton (Earth-8910),1,0,0,1,1
1408,Damage Co-Ordination (Earth-8910),1,0,0,1,1
1409,Quentin Beck (Earth-8910),1,0,0,1,1
1410,Owen Reece (Earth-8910),1,0,0,1,1
1411,Amora (Earth-8910),1,0,0,1,1
1412,Taneleer Tivan (Earth-8910),1,0,0,1,1
1413,Chris Claremont (Earth-8910),1,0,0,1,1
1414,John Byrne (Earth-8910),1,0,0,1,1
1416,Clinton Barton (Earth-8910),1,0,0,1,1
1417,Bullseye (Lester) (Earth-8910),1,0,0,1,1
1418,Mar-Vell (Earth-8910),1,0,0,1,1
1419,John Falsworth (Earth-8910),1,0,0,1,1
1420,Adam Warlock (Earth-8910),1,0,0,1,1
1421,Medusalith Amaquelin (Earth-8910),1,0,0,1,1
1422,Matthew Murdock (Earth-8910),1,0,0,1,1
1423,Stephen Strange (Earth-8910),1,0,0,1,1
1424,James Howlett (Earth-8910),1,0,0,1,1
1425,Emma Frost (Earth-8910),1,0,0,1,1
169,Fahe,1,0,0,1,1
400,James Howlett (Earth-8280),1,0,2,1,3
173,Kirk Marston,1,0,0,1,1
944,Samuel Guthrie (Earth-8510),1,0,1,1,2
261,Bel-Dann,1,0,0,1,1
260,Raksor,1,0,0,1,1
370,Windrider (Earth-5311),1,0,0,1,1
832,Ivan Petrovich Bezukhov,1,0,0,1,1
833,Natalia Romanova,1,0,0,1,1
834,Seraph,1,0,0,1,1
835,Jonin (WWII),1,0,0,1,1
836,Kreutzmann,1,0,0,1,1
837,Schutzstaffel,1,0,0,1,1
838,Death's Head Squadron (Nazi),1,0,0,1,1
839,Geoffrey Sydenham,1,0,0,1,1
843,Soong,1,0,0,1,1
371,Xavier (Earth-5311),1,0,0,1,1
257,Manta,1,0,0,1,1
628,David Ishima,1,0,0,1,1
627,Ann Randall,1,0,0,1,1
372,Jean Grey (Earth-5311),1,0,0,1,1
850,Suzanne Gaffney,1,0,0,1,1
851,Frank Castle,1,0,0,1,1
827,Katherine Pryde (Masque's Doppelganger),1,0,0,1,1
826,New Mutants (Masque),1,0,0,1,1
825,X-Men (Masque),1,0,0,1,1
367,Mean (Earth-5311),1,0,0,1,1
265,R'Klll,1,0,0,1,1
364,Khalid bin Abdul Aziz,1,0,0,1,1
264,Supreme Intelligence,1,0,0,1,1
809,Gaea,1,0,0,1,1
810,Genoshan Foreign Minister,1,0,0,1,1
365,Piotr Rasputin (Earth-5311),1,0,0,1,1
812,Henry McCoy (Masque's Doppelganger),1,0,0,1,1
366,Katherine Pryde (Earth-5311),1,0,0,1,1
368,Lockheed (Earth-5311),1,0,0,1,1
263,Recorder 211,1,0,0,1,1
816,Piotr Rasputin (Masque's Doppelganger),1,0,0,1,1
817,Longshot (Masque's Doppelganger),1,0,0,1,1
633,Tommy (Morlock),1,1,0,2,2
819,Illyana Rasputina (Masque's Doppelganger),1,0,0,1,1
820,Warlock (Masque's Doppelganger),1,0,0,1,1
632,Richard Salmons,1,0,0,1,1
369,Scott Summers (Earth-5311),1,0,0,1,1
823,Governor Seward,1,0,0,1,1
253,Tuoks'enhaamin,1,0,0,1,1
853,Lucas Hamilton,1,0,0,1,1
625,Colin Lewis,1,0,0,1,1
215,Alexandra Rasputina,1,0,2,1,3
902,Jebediah Guthrie,1,0,1,1,2
903,Elizabeth Guthrie,1,0,1,1,2
904,Joelle Guthrie,1,0,1,1,2
905,Lewis Guthrie,1,0,1,1,2
906,Cissie Guthrie,1,0,1,1,2
220,Ferdie Duncan,1,1,0,2,2
219,Kyras Shakati,1,0,0,1,1
921,Harry Morrel,1,0,0,1,1
214,Hulk (Arcade Android),1,0,0,1,1
900,Joshua Guthrie,1,0,2,1,3
213,Magneto (Arcade Android),1,0,0,1,1
212,Len Wein,1,0,0,1,1
211,Glynis Oliver,1,0,0,1,1
608,Gendarmerie Nationale,1,0,0,1,1
939,Madripoor Police Force,1,0,0,1,1
940,Ashake (Egyptian),1,0,0,1,1
941,Hamarkis,1,0,0,1,1
942,Phix,1,0,0,1,1
901,Melody Guthrie,1,0,1,1,2
899,Paige Guthrie,1,0,1,1,2
624,United States Department of State,1,0,0,1,1
871,Leong Coy Manh,1,1,6,2,8
623,Max Reigner,1,0,0,1,1
248,Juber (Shi'ar),1,0,0,1,1
247,Eluke,1,0,0,1,1
246,Norrin Radd,1,0,2,1,3
239,"Warren Worthington, Jr.",1,0,1,1,2
622,Ruritanian National Guard,1,0,0,1,1
867,James Howlett (War Skrull),1,0,0,1,1
868,Jubilation Lee (War Skrull),1,0,0,1,1
236,Frost International,1,0,0,1,1
611,Russian Navy,1,0,0,1,1
877,John Ogilvie,1,0,0,1,1
881,Peter Bristow,1,0,1,1,2
373,Roak (Earth-5311),1,0,0,1,1
222,Jennie Banks,1,1,0,2,2
614,Don Regan,1,0,0,1,1
893,Advanced Idea Mechanics,1,0,2,1,3
221,Joseph MacTaggert,1,2,3,3,6
612,Gregori Suvorov,1,0,0,1,1
805,Louis Joubert,1,0,0,1,1
804,Andrei Rostov (Piston),1,0,0,1,1
803,Bobbi Chase,1,0,0,1,1
323,Vision (Earth-811),1,0,0,1,1
328,Jonathan Storm (Earth-811),1,0,0,1,1
327,Victor von Doom (Earth-811),1,0,0,1,1
326,Peter Parker (Earth-811),1,0,0,1,1
325,Anthony Stark (Earth-811),1,0,0,1,1
324,Benjamin Grimm (Earth-811),1,0,0,1,1
666,Fran Morrow,1,1,0,2,2
665,Lethbridge-Stewart,1,0,0,1,1
704,Michael Jackson,1,0,1,1,2
321,Warren Worthington III (Earth-811),1,0,0,1,1
330,T'Challa (Earth-811),1,0,0,1,1
319,Robert Drake (Earth-811),1,0,0,1,1
317,Matthew Murdock (Earth-811),1,0,0,1,1
316,Wanda Maximoff (Earth-811),1,0,0,1,1
315,Henry McCoy (Earth-811),1,0,0,1,1
314,United States Senate,1,0,0,1,1
313,Big Alex (Earth-811),1,0,0,1,1
312,Rogue Pack (Earth-811),1,0,0,1,1
658,Tom Tibbidoe,1,0,0,1,1
329,Steven Rogers (Earth-811),1,0,0,1,1
331,Reed Richards (Earth-811),1,0,0,1,1
351,Colonel Hendershoot,1,0,0,1,1
341,Ellie Moore,1,0,0,1,1
672,Eiko,1,0,0,1,1
343,Jock Forrester,1,0,0,1,1
674,O.Z. Chase,1,0,0,1,1
675,Cerberus (O.Z. Chase),1,0,0,1,1
676,Vladimir Zaitsev,1,0,0,1,1
668,Norman Belmont,1,1,0,2,2
342,Theodore Sallis,1,0,0,1,1
679,Jessán Hoan,1,0,1,1,2
340,Douglas Moore,1,0,0,1,1
667,Sally Harding,1,1,0,2,2
684,Mei Ling (Child),1,0,0,1,1
685,Billy Mao,1,0,0,1,1
687,Azazello,1,0,0,1,1
688,Behemoth (Demon),1,0,0,1,1
689,Koroviev,1,0,0,1,1
334,Bruce Banner (Earth-811),1,0,0,1,1
333,Johnathon Blaze (Earth-811),1,0,0,1,1
332,Susan Storm (Earth-811),1,0,0,1,1
727,Annie Richardson,1,1,1,2,3
303,Max Eisenhardt (Earth-811),1,1,1,2,3
363,Hu Yaobang,1,0,0,1,1
789,"Landau, Luckman & Lake",1,0,0,1,1
647,Glow Worm,1,1,1,2,3
646,Joey Black,1,0,0,1,1
776,Warpies,1,0,0,1,1
644,Ben Lockin,1,0,0,1,1
359,Leonid Brezhnev,1,0,0,1,1
273,August Hopper,1,1,0,2,2
360,Daniel Arap Moi,1,0,0,1,1
788,Ruth Wu,1,0,0,1,1
362,Deng Xiaoping,1,0,0,1,1
761,Matthew Plunder,1,0,0,1,1
266,Paul Bailey,1,0,0,1,1
795,Harriers,1,0,0,1,1
796,Jerome Hamilton (Battleaxe),1,0,0,1,1
797,Zeke Sallinger,1,0,0,1,1
798,Amelia Greer,1,0,0,1,1
799,Jesus Suarez,1,0,0,1,1
800,Tom Nakadai,1,0,0,1,1
801,Lifeline,1,0,0,1,1
289,Zelda Kurtzberg,1,1,0,2,2
648,Bulk,1,1,1,2,3
733,Lou Marcelli,1,0,0,1,1
744,Perry White,1,0,0,1,1
734,Billy Sullivan (Security),1,0,0,1,1
737,Conquest,1,0,0,1,1
738,Cosmic Cutie Commandos,1,0,0,1,1
739,Hades Horde,1,0,0,1,1
740,Frankie Raye,1,0,1,1,2
741,John Ostrander,1,0,0,1,1
742,Jeremy Bingham,1,0,0,1,1
743,James Olsen,1,0,0,1,1
745,George H. W. Bush,1,0,2,1,3
759,Peter (Nereel),1,0,0,1,1
747,Sharon Kelly,1,1,0,2,2
301,Franklin Richards (Earth-811),1,3,2,4,6
297,Marie Cartier,1,0,0,1,1
296,Paul Cartier,1,0,0,1,1
295,Tommy Parnall,1,0,0,1,1
294,Joe Parnall,1,0,0,1,1
650,Piper (Morlock),1,0,0,1,1
649,Cybelle,1,0,0,1,1
943,New Mutants (Earth-8510),1,0,1,1,2
872,Nga Coy Manh,1,1,6,2,8
945,Amara Aquilla (Earth-8510),1,0,1,1,2
592,Commission on Superhuman Activities,1,1,0,2,2
1045,Gerhard van Ostamgen,1,0,0,1,1
1047,Raek,1,0,0,1,1
1048,Gyrk,1,0,0,1,1
199,Luke Cage,1,0,0,1,1
595,Anya Eisenhardt,1,0,2,1,3
992,James Howlett (Earth-8720),1,0,0,1,1
991,Piotr Rasputin (Earth-8720),1,0,0,1,1
197,John Byrne,1,0,0,1,1
988,X-Men (Earth-8720),1,0,0,1,1
984,Lila Cheney (Earth-8720),1,0,0,1,1
983,Brightwind (Earth-8720),1,0,0,1,1
982,Danielle Moonstar (Earth-8720),1,0,2,1,3
591,David Shulman,1,0,0,1,1
581,Shani,1,0,0,1,1
590,Ruth Shulman,1,0,0,1,1
980,New Mutants (Earth-8720),1,0,2,1,3
979,"James Douglas, Lord of Douglas",1,0,0,1,1
187,Takeo Fukuda,1,0,0,1,1
588,Avram Goldberg,1,0,0,1,1
977,Robert the Bruce,1,0,0,1,1
380,Skur'kll,1,0,0,1,1
383,Sapt,1,0,0,1,1
975,Mary Bodine,1,0,0,1,1
974,Jim Bodine,1,0,0,1,1
973,Larry Bodine,1,0,0,1,1
972,Police Scotland,1,0,0,1,1
997,Freedom Force (Earth-8720),1,0,0,1,1
998,St. John Allerdyce (Earth-8720),1,0,0,1,1
1043,Fireflyte,1,0,0,1,1
999,Frederick Dukes (Earth-8720),1,0,0,1,1
1035,Ruth Eisenhardt,1,0,0,1,1
1034,Edie Eisenhardt,1,0,0,1,1
1033,Jakob Eisenhardt,1,0,0,1,1
946,Roberto Da Costa (Earth-8510),1,0,1,1,2
597,James Jaspers,1,0,0,1,1
599,Michelle Deveraux,1,0,0,1,1
1018,Archangel (Earth-87050),1,0,0,1,1
1017,Katherine Power (Earth-87050),1,0,0,1,1
1016,New Mutant Bratpack (Earth-87050),1,0,0,1,1
1014,Benjamin Grimm (Earth-8720),1,0,0,1,1
1013,Jonathan Storm (Earth-8720),1,0,0,1,1
1012,Reed Richards (Earth-8720),1,0,0,1,1
1011,Fantastic Four (Earth-8720),1,0,0,1,1
1009,Barbara Morse (Earth-8720),1,0,0,1,1
1008,Clinton Barton (Earth-8720),1,0,0,1,1
1007,Anthony Stark (Earth-8720),1,0,0,1,1
1041,Arcturus Rann,1,0,0,1,1
1006,Monica Rambeau (Earth-8720),1,0,0,1,1
1005,Hercules Panhellenios (Earth-8720),1,0,0,1,1
1004,Dane Whitman (Earth-8720),1,0,0,1,1
1042,Mari,1,0,0,1,1
1003,Greer Nelson (Earth-8720),1,0,0,1,1
1002,Janet Van Dyne (Earth-8720),1,0,0,1,1
1001,Steven Rogers (Earth-8720),1,0,0,1,1
1000,Avengers (Earth-8720),1,0,0,1,1
582,Mjnari,1,0,0,1,1
981,Samuel Guthrie (Earth-8720),1,0,2,1,3
179,Kor-At,1,0,0,1,1
1079,Zeus Panhellenios,1,0,0,1,1
1082,Jaime Suarez,1,0,0,1,1
385,Borderers,1,0,0,1,1
386,Webwing,1,0,0,1,1
178,Sun-People,1,0,0,1,1
605,Russian Armed Forces,1,0,0,1,1
210,Roger Stern,1,0,0,1,1
1085,Flosi,1,0,0,1,1
186,Deterrence Research Corporation,1,0,0,1,1
965,Monica Rambeau,1,0,0,1,1
1086,Garm,1,0,0,1,1
387,Sea Spine,1,0,0,1,1
176,Bernard Kloss,1,0,0,1,1
601,Préfecture de Police de Paris,1,0,0,1,1
962,Massachusetts State Police,1,1,0,2,2
177,Tandy Snow,1,0,0,1,1
968,Patrick Roberts,1,0,0,1,1
375,Central Intelligence Agency,1,0,2,1,3
957,Hades,1,1,0,2,2
579,New York City Fire Department,1,0,1,1,2
1080,Phoebus Apollo,1,0,0,1,1
949,Philip Sullivan,1,0,0,1,1
947,Rahne Sinclair (Earth-8510),1,0,1,1,2
948,Dale Sullivan,1,0,0,1,1
1081,Ares,1,0,0,1,1
337,Fantastic Four (Earth-811),0,0,1,0,1
758,Herbert Wyndham,0,0,4,0,4
766,Brood Queen,0,1,0,1,1
1087,Ulik,0,0,1,0,1
1507,Steven Rogers (Earth-2122),0,0,1,0,1
1107,Utgard-Loki,0,0,2,0,2
1598,Lucas Bishop (Earth-1191),0,1,0,1,1
1506,Kurt Wagner (Earth-2122),0,0,1,0,1
336,Robert Kelly (Earth-811),0,1,2,1,3
765,Ogun (Ninja),0,2,0,2,2
548,International Criminal Police Organization,0,0,2,0,2
1599,Trevor Fitzroy (Earth-1191),0,1,0,1,1
285,Kevin Sidney,0,1,0,1,1
1039,Jack Power (Earth-87050),0,0,1,0,1
1605,Dalton Trumbo,0,0,1,0,1
1040,Franklin Richards (Earth-87050),0,0,1,0,1
1600,Malcolm (Earth-1191),0,1,0,1,1
580,King Kong,0,0,1,0,1
574,Aelfyre Whitemane,0,0,1,0,1
1611,Amanda Smith,0,0,1,0,1
1594,Michael Tyson,0,0,1,0,1
476,Eric Blair,0,0,1,0,1
475,Samuel Prydeman,0,0,2,0,2
275,Super-Adaptoid,0,1,0,1,1
1475,Brian Braddock (Earth-9019),0,0,1,0,1
1476,Elizabeth Braddock (Earth-9019),0,0,1,0,1
1477,James Braddock Sr. (Earth-9019),0,0,1,0,1
1478,Elizabeth Hartwood (Earth-9019),0,0,1,0,1
1479,Chief Toren (Earth-9019),0,0,1,0,1
276,Maha Yogi,0,1,0,1,1
777,Resources Control Executive,0,0,1,0,1
472,"Joseph Danvers, Jr.",0,1,0,1,1
471,Steven Danvers,0,2,0,2,2
1037,Warlock (Earth-87050),0,0,1,0,1
277,Ralph Roberts,0,1,0,1,1
278,Romulus Augustulus,0,1,0,1,1
279,Harvey Elder,0,1,0,1,1
469,Zsaji,0,2,3,2,5
280,Thomas Regal,0,1,0,1,1
1038,Alexander Power (Earth-87050),0,0,1,0,1
281,Mutant Master,0,1,0,1,1
282,Gor-Tok,0,1,1,1,2
444,Nabatone Yokuse,0,1,0,1,1
1493,Scott Summers (Earth-2122),0,0,1,0,1
466,SJ3RX,0,0,1,0,1
465,Godzilla,0,1,1,1,2
283,Lani Ubanu,0,1,0,1,1
284,Calvin Rankin,0,1,0,1,1
1595,X-Factor (Government),0,0,1,0,1
550,Maria Proudstar,0,0,1,0,1
1044,Sir Lancelot,0,0,1,0,1
707,Abraham Lincoln,0,0,1,0,1
1136,Tyler Smithson,0,0,1,0,1
719,Abraham,0,0,1,0,1
1135,Saburo Yoshida,0,0,1,0,1
1546,Komitet Gosudarstvennoy Bezopasnosti (Earth-8908),0,0,1,0,1
589,Simon Goldberg,0,0,1,0,1
560,Bob Edwards,0,2,0,2,2
1072,Cyttorak,0,0,1,0,1
1118,Robert Baldwin,0,0,1,0,1
587,United States Congress (Earth-811),0,0,1,0,1
1119,Anjezë Gonxhe Bojaxhiu,0,0,1,0,1
586,Phoenix Force (Earth-811),0,0,1,0,1
1554,Margaret Craig (Pseudoplasm),0,1,0,1,1
664,Yankee Clipper (Female),0,0,1,0,1
706,Benjamin Franklin,0,0,1,0,1
348,Margali Szardos,0,0,5,0,5
1120,Knights of the Round Table,0,0,1,0,1
30,Milos Masaryk,0,2,0,2,2
1121,Lucifer,0,0,1,0,1
1560,Weird Happenings Organization (Earth-90122),0,1,0,1,1
1561,Dai Thomas (Earth-90122),0,1,0,1,1
1562,Alysande Stuart (Earth-90122),0,1,0,1,1
1563,Excalibur (Earth-90122),0,1,0,1,1
1564,Captain Britain (Earth-90122),0,1,0,1,1
1574,Pietro Maximoff (Earth-811),0,0,1,0,1
1565,Kurt Wagner (Earth-90122),0,1,0,1,1
1122,Louis Richter,0,0,3,0,3
1566,Morgan (Earth-90122),0,1,0,1,1
1567,Dark Tiger (Earth-90122),0,1,0,1,1
347,Herr Getmann's Traveling Menagerie,0,0,3,0,3
349,United States Coast Guard,0,0,1,0,1
1593,Weapon X,0,0,1,0,1
1077,Annihilus,0,0,2,0,2
356,Alpha (Mutant),0,2,0,2,2
549,Neal Proudstar,0,0,1,0,1
26,Hirohito,0,0,2,0,2
1568,Arizona (Earth-90122),0,1,0,1,1
1046,Gaius Lucullus Umber,0,0,1,0,1
335,Brotherhood of Evil Mutants (Earth-811),0,0,2,0,2
749,Twelve (Mutants),0,1,3,1,4
748,Arabella Jones,0,1,0,1,1
746,Shaw Industries,0,1,5,1,6
203,Ahmet Abdol,0,1,1,1,2
553,Bartholomew Jones,0,0,1,0,1
596,Geheime Staatspolizei,0,0,4,0,4
575,Roy Craig,0,0,1,0,1
1585,Marc Spector,0,0,1,0,1
384,National Aeronautics and Space Administration,0,0,1,0,1
594,United States Government,0,0,2,0,2
457,Azazel,0,0,1,0,1
196,Jeryn Hogarth,0,0,1,0,1
1142,Roxxon Energy Corporation,0,0,1,0,1
736,Zhan Lee,0,0,1,0,1
735,Jingyi Lee,0,0,1,0,1
1141,Taylor Foundation,0,0,1,0,1
1533,Mandragon (Earth-TRN217),0,0,1,0,1
593,Chava Prydeman,0,0,1,0,1
435,Herbert George Wells,0,0,2,0,2
355,Maeve Rourke,0,0,1,0,1
1036,Hellfire Club (Earth-87050),0,0,1,0,1
729,William Shakespeare,0,0,1,0,1
417,Mar-Vell,0,0,1,0,1
1027,James Howlett (Earth-87050),0,1,0,1,1
781,Emil Vachon,0,0,2,0,2
493,Julius Caesar,0,0,4,0,4
883,Peter Bristow's mother,0,1,0,1,1
224,Royal Marines,0,0,1,0,1
616,Yahweh,0,0,11,0,11
615,Charles Dickens,0,0,2,0,2
613,New York Mets,0,0,3,0,3
892,Roberto Da Costa's sister,0,0,1,0,1
971,Charasulla,0,1,0,1,1
970,Gitche Manitou ,0,0,1,0,1
969,Colorado State Patrol,0,0,1,0,1
896,Juliana Sandoval,0,2,3,2,5
1326,Adolf Hitler (Earth-597),0,0,2,0,2
1325,National Socialist German Workers Party (Earth-597),0,1,2,1,3
897,Thomas Zebulon Guthrie,0,0,9,0,9
526,X-Men (Earth-8591),0,0,1,0,1
967,Mantis (Brandt),0,0,1,0,1
1340,Jacqueline Falsworth,0,0,1,0,1
1341,Elizabeth Windsor II,0,0,1,0,1
1342,Sherlock Holmes,0,0,1,0,1
234,Kiss,0,0,1,0,1
37,Krakoa,0,2,3,2,5
870,Xi'an Coy Manh's mother,0,1,1,1,2
978,Confederate States Army,0,0,1,0,1
1092,Surtur,0,0,1,0,1
873,Tran Coy Manh,0,1,3,1,4
874,Black Eagle,0,1,11,1,12
45,Bolivar Trask,0,0,2,0,2
882,Peter Bristow's father,0,1,0,1,1
46,Lawrence Trask,0,0,4,0,4
976,Wolfgang Amadeus Mozart,0,0,1,0,1
1348,Michael Scott,0,0,1,0,1
620,Jinjav Sabree (Earth-5311),0,0,1,0,1
619,Shagreen (Earth-5311),0,0,1,0,1
233,Jean Grey (Lady Grey),0,5,0,5,5
966,Jacques Duquesne,0,0,1,0,1
600,United Nations Security Council,0,0,1,0,1
274,Juan Meroz,0,1,0,1,1
494,Gaius Octavius,0,0,1,0,1
923,Kurt Marko,0,0,1,0,1
956,United States Cavalry,0,0,1,0,1
955,Arthur Clarke,0,0,1,0,1
926,George Armstrong Custer,0,0,2,0,2
954,Connecticut State Police,0,0,1,0,1
928,Alexander Flynn,0,2,2,2,4
951,Katherine Pryde (Earth-8280),0,1,1,1,2
932,Michael Silk,0,0,1,0,1
933,Lorne Lincoln,0,0,1,0,1
934,Nazgul,0,0,1,0,1
607,Moses,0,0,1,0,1
606,North Atlantic Treaty Organization,0,0,2,0,2
937,Carter Blaire,0,0,1,0,1
938,Cain,0,0,1,0,1
950,X-Men (Earth-8280),0,0,2,0,2
1294,Elvis Presley,0,0,1,0,1
1295,Sun Tzu,0,0,1,0,1
922,Simon Marshall,0,1,1,1,2
912,Remus,0,0,2,0,2
907,Conan,0,0,1,0,1
411,John Jonah Jameson,0,0,1,0,1
908,Jivaro Headhunters,0,0,1,0,1
909,Hovitos,0,0,1,0,1
374,Air Force,0,0,2,0,2
911,Romulus,0,0,2,0,2
913,Marada Starhair,0,0,1,0,1
920,Athena Parthenos,0,0,1,0,1
610,International Herald Tribune,0,0,1,0,1
208,Priscilla Ironwood,0,0,1,0,1
218,Magda Eisenhardt,0,1,2,1,3
216,Nikolai Rasputin,0,0,4,0,4
609,Judas Iscariot,0,0,1,0,1
919,New York State Police,0,0,2,0,2
869,Xi'an Coy Manh's father,0,1,1,1,2
34,Alexander Gentry,0,2,0,2,2
33,Samuel Smithers,0,2,0,2,2
32,Leopold Stryke,0,2,0,2,2
443,Shingen Harada,0,0,4,0,4
1028,Max Eisenhardt (Earth-87050),0,1,0,1,1
1026,Ororo Munroe (Earth-87050),0,1,0,1,1
1025,Kurt Wagner (Earth-87050),0,1,0,1,1
1024,Rogue (Anna Marie) (Earth-87050),0,1,0,1,1
1023,Charles Xavier (Earth-87050),0,0,1,0,1
1022,X-Men (Earth-87050),0,0,1,0,1
1015,Death (Earth-8720),0,0,1,0,1
1010,Federal Bureau of Investigation (Earth-8720),0,0,1,0,1
405,Adolf Hitler,0,0,7,0,7
406,Waffen-SS,0,0,1,0,1
540,Carol Danvers (Earth-811),0,0,1,0,1
539,United States Air Force (Earth-811),0,0,1,0,1
116,Heralds of Galactus,0,0,2,0,2
1415,Damage Control,0,0,1,0,1
1030,Danielle Moonstar (Earth-87050),0,1,0,1,1
269,Stranger (Cosmic Being),0,1,0,1,1
271,Sentinel Number 2,0,1,0,1,1
1459,Victor von Doom (Earth-1189),0,0,1,0,1
785,Slaymaster,0,1,0,1,1
478,Rom,0,1,2,1,3
786,Elektra Natchios,0,0,1,0,1
480,Cody Robbins,0,0,1,0,1
1461,Fantastic Four (Earth-1189),0,0,1,0,1
1460,Avengers (Earth-1189),0,0,1,0,1
1458,Brian Braddock (Earth-1189),0,0,1,0,1
1450,Rafi,0,1,0,1,1
1456,Mikhail Gorbachev,0,0,1,0,1
1455,Red Cross,0,1,0,1,1
1032,Julie Power (Earth-87050),0,0,1,0,1
1031,Samuel Guthrie (Earth-87050),0,0,1,0,1
272,Lucifer (Quist),0,1,0,1,1
1451,M'Buele,0,1,0,1,1
535,Set (Earth-8591),0,0,1,0,1
830,Robert Locksley,0,0,2,0,2
534,Sons of Set (Earth-8591),0,0,1,0,1
250,Vladimir Lenin,0,0,2,0,2
854,Bruce Willis,0,0,1,0,1
1382,Barry Braddock (Earth-8910),0,0,1,0,1
1381,Excalibur (Earth-8910),0,0,1,0,1
987,Xi'an Coy Manh (Earth-8720),0,1,0,1,1
986,Rahne Sinclair (Earth-8720),0,1,0,1,1
985,Roberto Da Costa (Earth-8720),0,1,0,1,1
240,Kathryn Worthington,0,0,1,0,1
990,Katherine Pryde (Earth-8720),0,1,0,1,1
529,Eros,0,1,0,1,1
865,Jorro,0,0,1,0,1
484,Brandy Clark,0,1,0,1,1
31,Ebenezer Laughton,0,2,0,2,2
1367,Bryon Bradek (Earth-1193),0,0,3,0,3
621,Satan (Unidentified),0,0,8,0,8
989,Ororo Munroe (Earth-8720),0,1,0,1,1
993,Lawrence Trask (Earth-8720),0,0,1,0,1
104,Gunther Bain,0,0,2,0,2
1398,Avengers (Earth-1193),0,0,1,0,1
1405,Odin Borson (Earth-8910),0,0,1,0,1
996,Yahweh (Earth-8720),0,0,1,0,1
995,Stephen Lang (Earth-8720),0,0,1,0,1
533,Thoth-Amon (Earth-8591),0,0,1,0,1
532,Black Ring (Earth-8591),0,0,1,0,1
1217,Zalph,0,0,1,0,1
840,Zheng Zu,0,0,1,0,1
994,Project Armageddon (Earth-8720),0,0,1,0,1
841,Abraham Erskine,0,0,1,0,1
842,Imperial Japan,0,0,1,0,1
93,Liam Cassidy,0,0,1,0,1
531,Thanos (Earth-8591),0,0,1,0,1
530,Cyttorak (Earth-8591),0,0,1,0,1
846,Terminus (Destroyer),0,0,1,0,1
1029,New Mutants (Earth-87050),0,0,1,0,1
