,character name,Appearances,Minor Appearances,Mentions,Actual Appearances,Total Entries
0,X-Men,196,13,56,209,265
1,X-Men,196,14,55,210,265
2,X-Men,195,14,56,209,265
3,X-Men,195,15,55,210,265
9,Ororo Munroe,184,15,10,199,209
5,Scott Summers,170,12,12,182,194
8,James Howlett,168,15,18,183,201
4,Piotr Rasputin,161,22,11,183,194
6,Kurt Wagner,153,12,6,165,171
437,Samuel Guthrie,124,4,1,128,129
436,Samuel Guthrie,123,4,2,127,129
435,New Mutants,114,5,19,119,138
238,Katherine Pryde,113,10,10,123,133
16,Charles Xavier,111,18,71,129,200
15,Charles Xavier,111,19,70,130,200
17,Charles Xavier,110,19,71,129,200
18,Charles Xavier,110,18,72,128,200
13,Jean Grey,108,18,28,126,154
12,Jean Grey,108,19,27,127,154
11,Jean Grey,108,19,27,127,154
10,Jean Grey,108,20,26,128,154
438,Rahne Sinclair,104,5,4,109,113
440,Roberto Da Costa,104,6,7,110,117
14,Warren Worthington III,98,9,4,107,111
25,Henry McCoy,92,14,1,106,107
439,Danielle Moonstar,89,5,4,94,98
406,Rogue (Anna Marie),86,15,5,101,106
22,Robert Drake,85,10,0,95,95
671,X-Factor,85,1,19,86,105
230,Illyana Rasputina,78,5,20,83,103
21,Sean Cassidy,77,5,5,82,87
556,Warlock (Technarch),69,5,8,74,82
7,Alexander Summers,69,9,8,78,86
609,Nathan Summers,68,8,10,76,86
613,Nathan Summers,67,9,10,76,86
601,Nathan Summers,67,9,10,76,86
611,Nathan Summers,67,8,11,75,86
608,Nathan Summers,67,8,11,75,86
615,Nathan Summers,66,9,11,75,86
681,Elizabeth Braddock,66,3,2,69,71
878,Tabitha Smith,66,2,0,68,68
600,Nathan Summers,66,9,11,75,86
612,Nathan Summers,66,9,11,75,86
603,Nathan Summers,66,9,11,75,86
605,Nathan Summers,66,10,10,76,86
610,Nathan Summers,66,8,12,74,86
48,Moira MacTaggert (Earth-TRN748),65,4,19,69,88
614,Nathan Summers,65,9,12,74,86
607,Nathan Summers,65,10,11,75,86
604,Nathan Summers,65,10,11,75,86
602,Nathan Summers,65,9,12,74,86
112,Max Eisenhardt,64,6,23,70,93
606,Nathan Summers,64,10,12,74,86
313,Rachel Summers (Earth-811),62,2,1,64,65
761,Prosh,56,0,5,56,61
762,Prosh,55,1,5,56,61
879,Julio Richter,53,0,3,53,56
248,Alison Blaire,50,7,7,57,64
58,Lilandra Neramani,48,5,4,53,57
433,Lockheed,47,2,2,49,51
444,Madelyne Pryor,47,12,13,59,72
489,Forge,45,4,4,49,53
506,Amara Aquilla,44,6,4,50,54
1092,Russell Collins,44,1,3,45,48
98,Hellfire Club,41,4,20,45,65
222,Brian Braddock,41,3,1,44,45
23,Lorna Dane,40,4,6,44,50
803,Excalibur,40,1,4,41,45
1329,Meggan Puceanu,40,1,0,41,41
473,Douglas Ramsey,39,9,14,48,62
1091,Sally Blevins,39,1,3,40,43
735,Cameron Hodge,38,1,3,39,42
445,Morlocks,37,2,13,39,52
243,Sebastian Shaw,36,2,4,38,42
99,Phoenix Force,36,14,18,50,68
321,Raven Darkhölme,36,1,6,37,43
100,Phoenix Force,35,14,19,49,68
101,Phoenix Force,35,14,19,49,68
322,Raven Darkhölme,35,1,7,36,43
102,Phoenix Force,34,14,20,48,68
447,Callisto,31,1,3,32,35
432,Xi'an Coy Manh,31,3,6,34,40
1089,Arthur Maddicks,30,0,0,30,30
368,Caliban,30,0,2,30,32
280,Frederick Dukes,30,3,1,33,34
242,Emma Frost,29,1,12,30,42
311,Katherine Pryde (Earth-811),28,1,1,29,30
371,Carol Danvers,27,8,5,35,40
324,St. John Allerdyce,27,1,2,28,30
558,James Proudstar,26,1,1,27,28
731,Patricia Tilby,26,0,3,26,29
763,Jubilation Lee,26,0,0,26,26
475,Leech,26,0,0,26,26
758,En Sabah Nur,25,4,7,29,36
633,Brightwind,25,1,1,26,27
122,Christopher Summers,25,4,2,29,31
304,Stephanie Hunter,24,0,3,24,27
805,Muir Island X-Men,23,0,0,23,23
598,Freedom Force,23,1,8,24,32
488,Selene Gallio,22,1,4,23,27
323,Irene Adler,22,1,2,23,25
262,New York City Police Department,22,0,7,22,29
804,Alistaire Stuart,22,1,1,23,24
119,Starjammers,21,0,3,21,24
412,S'ym,21,2,4,23,27
862,Remy LeBeau,21,0,0,21,21
798,Weird Happenings Organization,20,1,2,21,23
449,Masque,20,2,2,22,24
461,Valerie Cooper,20,1,6,21,27
325,Dominikos Petrakis,19,2,1,21,22
1170,Vanessa Carlysle,18,0,0,18,18
114,John Grey,18,1,1,19,20
115,Elaine Grey,18,1,1,19,20
104,Cain Marko,18,3,6,21,27
60,Jimaine Szardos,18,3,1,21,22
120,Ch'od,18,1,0,19,19
131,Hepzibah,18,1,0,19,19
566,Lila Cheney,17,4,10,21,31
689,Frank Bohannan,17,1,1,18,19
1177,Maria Callasantos,17,0,0,17,17
1179,X-Force,17,0,0,17,17
215,Jason Wyngarde,17,4,2,21,23
683,Sharon Friedlander,17,0,2,17,19
132,Raza Longknife,17,1,0,18,18
251,Sage,16,1,0,17,17
353,Aleytys Forrester,16,1,2,17,19
685,Victor Creed,15,2,3,17,20
245,Donald Pierce,15,1,2,16,18
664,Marauders,15,3,9,18,27
806,David Haller,15,0,2,15,17
716,Right,14,3,4,17,21
367,Theresa Cassidy,14,0,1,14,15
559,Manuel de la Rocha,14,0,0,14,14
684,Thomas Corsi,14,0,2,14,16
708,Gateway,14,5,1,19,20
747,N'astirh,13,0,4,13,17
113,James Madrox,13,1,0,14,14
599,Rita Wayword,13,5,1,18,19
320,Brotherhood of Evil Mutants,13,1,17,14,31
859,Charlotte Jones,13,0,0,13,13
195,Mariko Yashida,13,5,5,18,23
743,Magistrates,13,1,2,14,16
256,Murray Reese,12,0,0,12,12
1352,Opul Lun Sat-Yr-Nin (Earth-794),12,0,2,12,14
710,Reavers,12,0,8,12,20
656,Yuriko Oyama,12,0,0,12,12
121,Cr'reee,12,1,0,13,13
254,Wade Cole,12,0,0,12,12
90,Thomas Cassidy,12,2,3,14,17
446,Mark Hallett,12,2,0,14,14
667,Alice MacAllister,12,0,1,12,13
691,Martin Fletcher,12,0,1,12,13
668,John Greycrow,12,2,0,14,14
255,Angelo Macon,12,0,0,12,12
236,Dai Thomas,12,0,1,12,13
214,Miss Locke,11,0,0,11,11
448,Plague,11,1,0,12,12
213,Arcade,11,1,0,12,12
557,Hellions,11,0,5,11,16
62,Peter Corbeau,11,0,0,11,11
106,Mercedes Knight,11,1,3,12,15
781,Eleanor Murch,11,0,2,11,13
748,Tam Anderson,11,0,0,11,11
711,Bonebreaker,11,0,0,11,11
1201,Abraham Kieros,11,1,0,12,12
1203,Autumn Rolfson,11,1,0,12,12
1207,Horsemen of Apocalypse,11,0,0,11,11
135,Kallark,11,2,0,13,13
744,David Moreau,11,0,2,11,13
244,Harold Leland,10,2,3,12,15
690,Louis Hamilton,10,0,2,10,12
352,Henry Gyrich,10,1,0,11,11
1334,Nigel Frobisher,10,0,1,10,11
799,Alysande Stuart,10,0,0,10,10
1276,Opal Tanaka,10,0,0,10,10
860,Mutant Liberation Front,10,0,3,10,13
823,Guido Carosella,10,0,1,10,11
782,Orphan-Maker (Peter),10,0,0,10,10
738,Jennifer Ransome,9,0,1,9,10
712,Pretty Boy,9,0,0,9,9
1621,George Washington Bridge,9,0,1,9,10
746,Wipeout,9,0,2,9,11
1331,Metropolitan Police Service,9,0,0,9,9
948,Haroun ibn Sallah al-Rashid,9,1,0,10,10
560,Jennifer Stavros,9,1,0,10,10
395,Sikorsky,9,1,0,10,10
393,Cal'syee Neramani,9,1,8,10,18
1086,Gosamyr,9,0,0,9,9
666,Kodiak Noatak,9,3,0,12,12
665,Philippa Sontag,9,2,0,11,11
801,Jacob Reisz,9,1,2,10,12
1625,Garrison Kane,9,1,1,10,11
1150,Nathan Summers (Stryfe) (Earth-4935),9,0,1,9,10
134,Imperial Guard,9,1,3,10,13
500,Adversary,9,0,3,9,12
1172,Gideon,9,1,0,10,10
96,"Strategic Homeland Intervention, Enforcement and Logistics Division",9,0,10,9,19
552,Nimrod (Earth-811),9,0,5,9,14
1106,Eitri,8,0,0,8,8
1157,Tyler Dayspring (Earth-4935),8,0,5,8,13
949,Marie-Ange Colbert,8,1,0,9,9
176,Karl Lykos,8,3,1,11,12
250,Candace Southern,8,4,1,12,13
990,Hela,8,1,2,9,11
167,Araki,8,0,0,8,8
745,Phillip Moreau,8,1,0,9,9
947,Sharon Smith,8,1,0,9,9
257,Robert Kelly,8,1,4,9,13
741,Cormick Grimshaw,8,0,0,8,8
460,National Security Council,8,0,0,8,8
197,Colleen Wing,8,0,1,8,9
1173,Wade Wilson,8,0,1,8,9
800,Lian Shen,8,1,0,9,9
1235,Gammenon,7,0,0,7,7
455,Keniuchio Harada,7,0,1,7,8
686,Nathaniel Essex,7,1,10,8,18
1143,Richard Gill,7,0,0,7,7
463,Project Wideawake,7,0,1,7,8
1145,Ambient-Energy Dampening Actualization Module Unit Zero (Earth-4935),7,1,0,8,8
144,Sybil (Oracle),7,1,0,8,8
1182,Edward Pasternak,7,0,0,7,7
713,Skullbuster,7,0,0,7,7
1242,Rejects,7,0,0,7,7
1239,Lev,7,0,0,7,7
883,Emmanuel Da Costa,7,0,14,7,21
75,Nicholas Fury,7,5,3,12,15
1149,Michael McCain,7,0,0,7,7
1236,Chosen,7,0,0,7,7
1109,Hrimhari,7,0,2,7,9
1237,Seera,7,0,0,7,7
24,Avengers,7,3,33,10,43
57,Shi'ar Imperial Fleet,7,0,1,7,8
19,Shiro Yoshida,7,3,0,10,10
218,Peter Parker,7,2,6,9,15
670,Vertigo (Savage Land Mutate),7,2,0,9,9
553,Magus (Technarch),7,2,5,9,14
303,Vera Cantor,6,1,0,7,7
573,Andreas von Strucker,6,0,1,6,7
576,Alexei Vazhin,6,0,1,6,7
507,Friedrich von Roehm,6,1,1,7,8
984,Valkyrior,6,1,12,7,19
153,Waldo (Computer),6,1,0,7,7
587,Ape (Morlock),6,0,0,6,6
1243,Zharkah,6,0,0,6,6
59,D'ken Neramani,6,3,3,9,12
416,Gabrielle Haller,6,1,0,7,7
155,Steven Rogers,6,2,2,8,10
1238,Rask,6,0,0,6,6
1165,Jun Tenta,6,0,0,6,6
185,Zala Dane,6,0,3,6,9
151,Reed Richards,6,1,6,7,13
669,Kim Il Sung,6,2,0,8,8
1249,Beginagains,6,0,0,6,6
571,Fenris,6,0,0,6,6
926,Nina Da Costa,6,0,7,6,13
172,Mesmero (Vincent),6,1,0,7,7
147,Starbolt,6,1,0,7,7
36,United States Air Force,6,0,2,6,8
1082,Bird-Brain,6,0,1,6,7
165,James Hudson,6,1,0,7,7
26,United States Army,6,0,0,6,6
196,Daughters of the Dragon,6,0,0,6,6
456,Ophelia Sarkissian,6,1,1,7,8
482,Beyonder,6,1,16,7,23
1251,Dykon,6,0,0,6,6
810,Matsu'o Tsurayaba,5,0,0,5,5
51,Steven Lang,5,0,0,5,5
52,Michael Rossi,5,0,3,5,8
152,Benjamin Grimm,5,3,0,8,8
45,Anthony Stark,5,0,4,5,9
739,Press Gang,5,0,2,5,7
56,Davan Shakari,5,1,0,6,6
391,Greer Nelson,5,0,0,5,5
1209,Infectia (Josephine),5,0,0,5,5
1117,Kevin Mortensen,5,0,0,5,5
504,Jaime Rodriguez,5,0,0,5,5
1116,Gunnhild,5,0,0,5,5
1085,Spyder,5,1,0,6,6
1330,Courtney Ross,5,0,0,5,5
588,Tar Baby,5,0,0,5,5
959,Gladiators,5,0,0,5,5
117,Kevin MacTaggert,5,1,6,6,12
1146,Pantu Hurageb,5,0,0,5,5
1636,Neena Thurman,5,0,0,5,5
572,Andrea von Strucker,5,0,1,5,6
219,Mister Chambers,5,0,0,5,5
1245,Palik,5,0,0,5,5
183,Kevin Plunder,5,1,1,6,7
511,Lucius Aquilla,5,0,7,5,12
258,Stephen Strange,5,1,4,6,10
1128,Kindra,5,0,0,5,5
74,Victor von Doom,5,0,4,5,9
586,Erg,5,0,0,5,5
275,Uatu,5,0,0,5,5
390,Samédàr,4,0,0,4,4
740,Hawkshaw,4,0,0,4,4
1248,Wilghe,4,0,0,4,4
366,Jessica Drew,4,0,0,4,4
505,Kulan Gath (Impostor),4,0,0,4,4
742,Punchout,4,1,0,5,5
1253,Nikoh,4,0,0,4,4
1187,Timeshadow,4,0,0,4,4
1383,Yap (Earth-TRN307),4,1,0,5,5
1247,Vlon,4,0,0,4,4
1210,Infectia's Anti-Bodies,4,0,0,4,4
1186,Joanna Cargill,4,0,0,4,4
1307,Dark Riders,4,0,0,4,4
1384,Lockheed (Earth-597),4,3,2,7,9
53,N'Daré,4,1,2,5,7
672,Conal Duran,4,0,0,4,4
50,Project Armageddon,4,0,1,4,5
726,Tension,4,0,0,4,4
673,Grey Havero,4,0,0,4,4
1391,Bodybag (Earth-TRN296),4,0,0,4,4
1277,Crimson (Ravens),4,0,0,4,4
1392,Joyboy (Earth-TRN300),4,0,0,4,4
124,Pyreus Kril,4,0,1,4,5
1252,Agrom,4,0,0,4,4
703,Manoli Wetherell,4,0,0,4,4
1382,Gatecrasher (Earth-TRN295),4,2,0,6,6
129,Thor Odinson,4,2,10,6,16
1393,China Doll (Earth-TRN297),4,0,0,4,4
1159,Hump,4,0,0,4,4
1394,Waxworks (Earth-TRN298),4,0,0,4,4
184,Zabu,4,1,0,5,5
585,Beautiful Dreamer (Morlock),4,0,0,4,4
880,Madame Reneau,4,0,0,4,4
580,Julie Power,4,0,1,4,5
578,Power Pack,4,0,2,4,6
577,Katherine Power,4,0,0,4,4
1346,Vixen (British Crimelord),4,0,0,4,4
1134,Adrian Toomes,4,0,1,4,5
241,Hellfire Knights,4,0,1,4,5
1630,Lucia Callasantos,4,0,1,4,5
180,Nereel,4,0,1,4,5
1645,Weapon P.R.I.M.E.,4,0,1,4,5
1124,Fandral,4,0,1,4,5
164,Department H,4,0,1,4,5
1083,Ani-Mates,4,0,0,4,4
1123,Hogun,4,0,1,4,5
1122,Volstagg,4,0,2,4,6
1090,X-Terminators,4,0,0,4,4
1310,Gauntlet (Dark Riders),4,0,0,4,4
204,Narya,4,1,0,5,5
203,Michael Twoyoungmen,4,1,0,5,5
1121,Balder Odinson,4,0,2,4,6
201,Alpha Flight,4,1,1,5,6
451,Healer (Morlock),4,1,3,5,8
1107,Warriors Three,4,0,2,4,6
875,Host (Skrulls),4,0,0,4,4
581,Jack Power,4,0,0,4,4
1356,Moira MacTaggert (Earth-597),4,0,1,4,5
300,Wanda Maximoff,4,3,3,7,10
788,Swamp Men,4,0,0,4,4
786,Gaza,4,0,0,4,4
784,Barbarus,4,0,0,4,4
281,Mortimer Toynbee,4,2,1,6,7
1167,Haruo Tsuburaya,4,0,0,4,4
783,Savage Land Mutates,4,0,0,4,4
1357,Callisto (Earth-597),4,0,0,4,4
312,X-Men (Earth-811),4,1,1,5,6
159,Fantastic Four,4,1,20,5,25
299,Pietro Maximoff,4,2,3,6,9
809,Jennifer Walters,4,0,1,4,5
815,James Braddock Jr.,4,2,1,6,7
1396,Thug (Earth-TRN306),4,0,0,4,4
821,Jack Wayne (Legion Personality),4,0,0,4,4
751,Prism (Robbie),4,0,0,4,4
283,Master Mold,4,1,2,5,7
750,Michael Baer,4,0,0,4,4
1615,Simon Williams,3,0,0,3,3
1401,Katherine Pryde (Earth-1193),3,0,0,3,3
628,United Nations,3,0,0,3,3
1592,Phoebe Huntsman,3,0,0,3,3
1643,Crule,3,0,1,3,4
1647,Tigerstryke (Mitchell),3,0,0,3,3
1646,Yeti (Weapon P.R.I.M.E.),3,0,0,3,3
593,Michael Bowen,3,0,1,3,4
1635,Theodore Winchester,3,0,0,3,3
1629,Eileen Harsaw,3,0,1,3,4
492,Naze,3,0,0,3,3
1390,William (Earth-1193),3,0,0,3,3
1648,Pico Halfghanaghan,3,0,0,3,3
592,Tandy Bowen,3,2,2,5,7
579,Alexander Power,3,0,0,3,3
1395,Numbers (Earth-TRN301),3,0,0,3,3
591,Tyrone Johnson,3,2,2,5,7
632,Neal Conan,3,0,1,3,4
822,Freddie Stanachek,3,0,0,3,3
647,Lindsay McCabe,3,0,0,3,3
1093,Takeshi Matsuya,3,0,0,3,3
1313,Barrage,3,0,0,3,3
1088,Crotus,3,0,0,3,3
996,Dane Whitman,3,0,0,3,3
995,Hercules Panhellenios,3,0,1,3,4
1315,Jen Askani (Earth-4935),3,0,0,3,3
962,Max Rocker,3,0,0,3,3
961,Ivich Williamson,3,0,0,3,3
957,Cyndi (Legion Personality),3,0,0,3,3
956,Jemail Karami,3,0,1,3,4
942,Marcus Gallio,3,0,0,3,3
919,Wolf (Thunderiders),3,0,0,3,3
917,"Winthrop Roan, Jr.",3,0,0,3,3
916,Thunderiders,3,0,1,3,4
912,Demon Bear,3,2,3,5,8
1338,Crazy Gang,3,0,1,3,4
1339,Tweedledope,3,0,0,3,3
908,Peg Lonestar,3,2,12,5,17
1309,Tusk (Inhuman),3,0,0,3,3
1094,Inferno Babies,3,0,4,3,7
659,Sabrina Morrel,3,0,0,3,3
1111,Krista,3,0,0,3,3
1266,Ziran,3,0,0,3,3
1279,Ravens,3,0,0,3,3
1280,Coral (Ravens),3,0,0,3,3
1246,Ryest,3,0,0,3,3
1308,Foxbat,3,0,0,3,3
1195,Worthington Industries,3,0,0,3,3
1191,Wendy Sherman,3,0,0,3,3
1190,Alliance of Evil,3,0,0,3,3
1176,Externals,3,0,4,3,7
1158,Brute (Morlock),3,0,0,3,3
1148,Juliana Worthing,3,0,0,3,3
1147,Kristina Anderson,3,0,0,3,3
1144,Heather Tucker,3,0,0,3,3
1131,Alaric (Asgardian),3,0,0,3,3
1130,Rolfe,3,0,0,3,3
1129,Mick Mortensen,3,0,0,3,3
1126,Karnilla,3,0,2,3,5
907,William Lonestar,3,1,11,4,15
894,Cr'reee (War Skrull),3,0,0,3,3
893,Christopher Summers (War Skrull),3,0,0,3,3
892,Hepzibah (War Skrull),3,0,0,3,3
1377,Martha Griswald (Earth-99476),3,0,0,3,3
1378,Calvin Griswald (Earth-99476),3,0,0,3,3
1379,Susie Griswald (Earth-99476),3,0,0,3,3
730,Harry Palmer,3,0,0,3,3
729,Blindside (Brood),3,0,0,3,3
728,Whiphand,3,0,0,3,3
727,Robert Delgado,3,0,0,3,3
725,Lockup,3,0,0,3,3
724,Dive-Bomber,3,0,0,3,3
722,Temptress (Brood Mutants),3,0,0,3,3
721,Brood Mutants,3,0,0,3,3
720,Josey Thomas,3,0,0,3,3
687,Ben Locklin,3,0,0,3,3
682,Janos Quested,3,0,0,3,3
675,Phil Hovannes,3,0,0,3,3
661,San Francisco Police Department,3,0,0,3,3
660,Julia Carpenter,3,0,1,3,4
1376,Wilbur Griswald (Earth-99476),3,0,0,3,3
1366,Kurt Wagner (Earth-597),3,0,0,3,3
1365,Brian Braddock (Earth-597),3,0,0,3,3
839,Nguyen Ngoc Coy,3,1,4,4,8
891,Ch'od (War Skrull),3,0,0,3,3
890,Raza Longknife (War Skrull),3,0,0,3,3
889,Skrull Prime,3,0,0,3,3
887,Manacle (Deathbird),3,0,0,3,3
886,Avengers West Coast,3,0,1,3,4
876,Charles Xavier (War Skrull),3,0,0,3,3
855,Debra Levin,3,0,0,3,3
837,Bliss (Morlock),3,0,0,3,3
1364,Katherine Pryde (Earth-597),3,0,0,3,3
1275,Mole (Morlock),3,0,0,3,3
813,Mandarin,3,0,1,3,4
795,Worm (Savage Land Mutate),3,0,0,3,3
794,Lupo,3,0,0,3,3
793,Brainchild,3,0,0,3,3
785,Amphibius,3,0,0,3,3
1363,Lightning Force (Earth-597),3,0,0,3,3
918,Luke Merriweather,3,0,0,3,3
825,Cylla Markham,3,0,0,3,3
1649,Segismund Joshua,3,0,0,3,3
375,Margaret Thatcher,3,0,3,3,6
315,James Howlett (Earth-811),3,2,0,5,5
301,Namor McKenzie,3,1,0,4,4
97,Vanisher,3,1,1,4,5
269,B'nee and C'cil,3,0,0,3,3
265,Edwin Jarvis,3,0,0,3,3
264,Sara Grey,3,0,1,3,4
240,Theresa Pryde,3,2,8,5,13
239,Carmen Pryde,3,2,8,5,13
138,Fang (Imperial Guard),3,1,0,4,4
143,Nightside,3,0,0,3,3
146,Vril-Rokk,3,2,0,5,5
148,Grannz,3,1,0,4,4
149,Titan,3,1,0,4,4
454,Yukio,3,0,3,3,6
157,Janet Van Dyne,3,1,0,4,4
160,Jonathan Storm,3,2,1,5,6
161,James Carter,3,0,0,3,3
163,Department H,3,0,2,3,5
173,Nanny (Magneto's Robot),3,0,0,3,3
177,Fall People,3,0,0,3,3
187,Garokk,3,1,0,4,4
193,Amahl Farouk,3,2,0,5,5
430,Living Armada,3,0,0,3,3
422,Wolfgang von Strucker,3,0,1,3,4
217,Maelen,3,0,0,3,3
317,Piotr Rasputin (Earth-811),3,2,0,5,5
211,Heather McNeil,3,0,1,3,4
28,Luchino Nefaria,3,1,1,4,5
334,Charles Xavier (Earth-811),3,0,1,3,4
70,Dave Cockrum,3,0,0,3,3
79,Lois Lane,3,0,0,3,3
372,Ronald Reagan,3,0,4,3,7
318,Ororo Munroe (Earth-811),3,2,0,5,5
20,John Proudstar,3,3,7,6,13
61,Elisabeth Wilford,3,0,0,3,3
319,Sentinel Omega Class (Earth-811),3,1,0,4,4
78,Clark Kent,3,0,0,3,3
69,Chris Claremont,3,0,0,3,3
72,Julius Schwartz,3,0,0,3,3
73,Bonnie Wilford,3,0,0,3,3
336,Kurt Wagner (Earth-811),3,0,0,3,3
723,Brickbat,2,0,0,2,2
1521,Charles Xavier (Earth-2122),2,0,0,2,2
950,Westchester County Police Department,2,0,1,2,3
946,Da Costa International,2,0,1,2,3
733,Hannah Conover,2,0,0,2,2
1525,Archangel (Earth-2122),2,0,0,2,2
1527,Weird Happenings Organization (Earth-2122),2,0,0,2,2
1528,Alistaire Stuart (Earth-2122),2,0,0,2,2
1531,Dai Thomas (Earth-2122),2,0,0,2,2
1517,Jean Grey (Earth-2122),2,0,0,2,2
1529,Alysande Stuart (Earth-2122),2,0,0,2,2
930,Lucinda Guthrie,2,1,4,3,7
732,William Conover,2,0,0,2,2
756,Victor Milan,2,0,0,2,2
963,Ray (Gladiators),2,0,0,2,2
992,Philip Ramsey,2,0,1,2,3
1052,Arbitrators (Earth-87050),2,0,1,2,3
1495,Kymri (Earth-1289),2,0,0,2,2
1496,Lockheed (Earth-1289),2,0,0,2,2
1497,Anjulie (Earth-1289),2,0,0,2,2
1504,Dirty Angels Strike Force (Earth-9019),2,0,0,2,2
1505,Rico (Earth-9019),2,0,0,2,2
692,Diane Duane,2,0,0,2,2
693,Priscilla Morrison,2,0,0,2,2
993,Sheila Ramsey,2,0,1,2,3
991,Analie Hogarth,2,0,0,2,2
699,Eye Killers,2,0,0,2,2
220,Alexei Vazhin (Android),2,0,0,2,2
1506,Kay (Earth-9019),2,0,0,2,2
1507,"James Braddock, Jr. (Earth-9019)",2,0,1,2,3
985,Odin Borson,2,0,7,2,9
1513,Emma Collins,2,0,0,2,2
968,Shellbot,2,0,0,2,2
967,Lexi,2,0,0,2,2
1515,X-Men (Earth-2122),2,0,0,2,2
1516,Bran Braddock (Earth-2122),2,0,0,2,2
707,Los Angeles Police Department,2,0,2,2,4
927,Axe (Mutant),2,0,0,2,2
1532,Hellfire Club (Earth-2122),2,0,0,2,2
849,Ororo Munroe (Masque's Doppelganger),2,0,0,2,2
845,James Howlett (Masque's Doppelganger),2,0,0,2,2
844,Kurt Wagner (Masque's Doppelganger),2,0,0,2,2
842,Warren Worthington III (Masque's Doppelganger),2,0,0,2,2
838,Bouncer (Morlock),2,1,0,3,3
833,Harry Malone,2,0,0,2,2
824,Eric Beale,2,0,1,2,3
818,Rose Wu,2,0,1,2,3
814,Li Fong (Mandarin),2,0,0,2,2
811,Hand,2,0,2,2,4
802,Stuart Haydn,2,0,0,2,2
753,George Martin,2,0,0,2,2
791,Shanna O'Hara,2,0,1,2,3
787,Whiteout,2,0,0,2,2
305,Georges Baptiste,2,0,0,2,2
306,Eileen Parnall,2,0,0,2,2
754,Melinda Snodgrass,2,0,0,2,2
760,Sentinels Mk VI,2,1,0,3,3
846,Scott Summer (Masque's Doppelganger),2,0,0,2,2
852,Alexander Summers (Masque's Doppelganger),2,0,0,2,2
755,Lewis Shiner,2,0,0,2,2
853,Charles Xavier (Masque's Doppelganger),2,0,0,2,2
923,Georgianna Castleberry,2,0,0,2,2
922,Leonard Hebb,2,0,0,2,2
921,James McDonald,2,0,0,2,2
920,Marauder,2,0,0,2,2
1534,Amahl Farouk (Earth-2122),2,0,0,2,2
332,Scott Summers (Earth-811),2,0,2,2,4
911,Craig Sinclair,2,1,2,3,5
910,Sentinels Mk V,2,2,0,4,4
1538,Anthony Stark (Earth-2122),2,0,0,2,2
897,Elizabeth Braddock (War Skrull),2,0,0,2,2
1053,Roberto Da Costa (Earth-87050),2,0,1,2,3
888,Yuri Semyanov,2,0,0,2,2
752,M-Squad,2,0,1,2,3
267,Gailyn Bailey,2,0,1,2,3
268,Joseph Bailey,2,0,1,2,3
271,Hussar,2,0,0,2,2
272,Earthquake,2,0,0,2,2
895,P!rai,2,0,0,2,2
1098,Maw (Inferno Baby),2,0,0,2,2
1054,Amara Aquilla (Earth-87050),2,0,1,2,3
1287,Timothy Jones (Child),2,0,0,2,2
88,Warren Worthington III (X-Sentinel),2,0,0,2,2
1304,Shizu'ko,2,0,0,2,2
1303,Rita Tanaka,2,0,0,2,2
1302,George Tanaka,2,0,0,2,2
1301,Tatsu'o,2,0,0,2,2
1300,Hiro (Cyburai),2,0,0,2,2
1296,Cyburai,2,0,0,2,2
1295,Clan Tatsu,2,0,0,2,2
1294,Yakuza,2,0,0,2,2
1285,Beryl,2,0,0,2,2
86,Jean Grey (X-Sentinel),2,0,0,2,2
1284,Cerise (Ravens),2,0,0,2,2
1283,Cobalt (Ravens),2,0,0,2,2
1282,Paul Burton,2,0,1,2,3
89,Robert Drake (X-Sentinel),2,0,0,2,2
1274,Jakub Kurczak,2,0,0,2,2
1267,Arishem,2,0,0,2,2
103,Eamon O'Donnell,2,0,0,2,2
107,David Munroe,2,1,1,3,4
108,Achmed El Gibár,2,0,2,2,4
87,Henry McCoy (X-Sentinel),2,0,0,2,2
85,Scott Summers (X-Sentinel),2,0,0,2,2
125,K'rk 'N'Kazaii,2,0,0,2,2
1344,Gateway Technologies,2,0,0,2,2
1405,Ringtoss (Earth-TRN304),2,0,0,2,2
1404,Ferro² (Earth-TRN299),2,0,0,2,2
1403,Queen Consort (Earth-1193),2,0,0,2,2
1402,Queen Mother (Earth-1193),2,0,0,2,2
1398,Ogre (Earth-1193),2,0,1,2,3
1397,Shaitan (Earth-1193),2,0,0,2,2
1367,Meggan Puceanu (Earth-597),2,0,0,2,2
76,Valentina Allegra de Fontaine,2,0,0,2,2
1345,Colin McKay,2,0,2,2,4
1343,Executioner (Crazy Gang),2,1,0,3,3
1312,Hard-Drive,2,0,0,2,2
1342,Knave (Crazy Gang),2,1,0,3,3
1341,Red Queen,2,2,0,4,4
1340,Jester IV,2,1,0,3,3
1320,Gorgon Petragon,2,0,0,2,2
1319,Karnak Mander-Azur,2,0,0,2,2
1318,Blackagar Boltagon,2,0,0,2,2
1317,Crystalia Amaquelin,2,0,0,2,2
83,X-Sentinels,2,1,0,3,3
84,Charles Xavier (X-Sentinel),2,0,0,2,2
118,Angus MacWhirter,2,3,0,5,5
127,Galan,2,0,10,2,12
1084,Frederick Animus,2,2,0,4,4
1099,Russell (Inferno Baby),2,0,0,2,2
188,Tanya Anderssen,2,1,0,3,3
1108,Einherjar,2,0,3,2,5
194,Captain Hama,2,0,0,2,2
198,Moses Magnum,2,1,0,3,3
1104,Wong,2,0,0,2,2
1103,Trista,2,0,0,2,2
1102,Toko,2,0,0,2,2
1101,Timothy (Inferno Baby),2,0,0,2,2
1100,Shauna,2,0,0,2,2
359,Doom Squad,2,0,0,2,2
179,Seesha,2,0,0,2,2
1097,Face (Inferno Baby),2,0,0,2,2
1096,Bob (Inferno Baby),2,0,0,2,2
1095,Alex (Inferno Baby),2,0,0,2,2
202,Jean-Paul Beaubier,2,2,0,4,4
205,Walter Langkowski,2,1,0,3,3
206,Jeanne-Marie Beaubier,2,1,0,3,3
207,Pierre Trudeau,2,0,0,2,2
208,Terry Austin,2,0,0,2,2
1087,Dupen'th,2,0,0,2,2
1127,Buri,2,0,2,2,4
178,Tongah,2,0,0,2,2
1233,Ophelia Jones,2,0,0,2,2
1189,Michael Nowlan,2,0,0,2,2
1232,Phumm,2,0,0,2,2
1231,Phough,2,0,0,2,2
1230,Phee,2,0,0,2,2
1229,Phay,2,0,0,2,2
1228,Phy,2,0,0,2,2
1227,Troll Associates,2,0,0,2,2
1226,Thomas Jones,2,0,0,2,2
1222,Lost Boys (And Girls),2,0,0,2,2
1192,Susan Nowlan,2,0,0,2,2
142,Mentor (Imperial Guard),2,1,0,3,3
1132,Skurge,2,0,0,2,2
1183,Carl Maddicks,2,0,0,2,2
145,Neutron (Imperial Guard),2,2,0,4,4
1180,Emma la Porte,2,0,0,2,2
1171,Ophrah Industries,2,0,0,2,2
1166,Tamara Kurtz,2,0,0,2,2
1139,Toothgrinder,2,0,0,2,2
1138,Toothgnasher,2,0,0,2,2
1137,Ula,2,0,0,2,2
1133,Harokin,2,0,0,2,2
358,D'Spayre,2,0,0,2,2
1522,Moira MacTaggert (Earth-2122),2,0,0,2,2
360,Death,2,4,2,6,8
494,Nicholas Damiano,2,0,0,2,2
515,Eros (Earth-8591),2,0,0,2,2
442,Deborah Summers,2,0,2,2,4
523,Illyana Rasputina (Earth-8591),2,0,0,2,2
648,Judith Rassendyll,2,0,0,2,2
392,N'Rill'Iree,2,0,0,2,2
27,Lieutenant General Fredricks,2,0,1,2,3
514,Janet Van Dyne (Earth-8591),2,0,0,2,2
1616,Niamh Chinn Óir,2,0,0,2,2
513,Steven Rogers (Earth-8591),2,0,0,2,2
1617,Desmond Pitt,2,0,0,2,2
443,Philip Summers,2,0,2,2,4
512,Avengers (Earth-8591),2,0,0,2,2
584,Annalee,2,0,0,2,2
37,North American Aerospace Defense Command,2,0,0,2,2
30,Gordon Keefer,2,1,0,3,3
467,Storm (Arcade's Robot),2,0,0,2,2
468,Rogue (Arcade's Robot),2,0,0,2,2
522,Rachel Summers (Earth-8591),2,0,0,2,2
34,Francois Le Blanc,2,1,0,3,3
33,Veronica Dultry,2,1,1,3,4
542,Stephen Strange (Earth-8591),2,0,0,2,2
521,Selene Gallio (Earth-8591),2,0,0,2,2
569,Tomas Rodriguez,2,0,0,2,2
520,Callisto (Earth-8591),2,0,0,2,2
519,Rogue (Anna Marie) (Earth-8591),2,0,0,2,2
518,Ororo Munroe (Earth-8591),2,0,0,2,2
407,Defense Advanced Research Projects Agency,2,0,1,2,3
405,Kam'N'Ehar,2,0,0,2,2
517,Kurt Wagner (Earth-8591),2,0,0,2,2
1622,Arianna Jankos,2,0,0,2,2
29,Ani-Men,2,1,1,3,4
634,Loki Laufeyson,2,1,2,3,5
457,Clan Yashida,2,0,3,2,5
32,Townshend Horgan,2,1,0,3,3
31,Henry Hawk,2,1,0,3,3
537,Amara Aquilla (Earth-8591),2,0,0,2,2
536,Caliban (Earth-8591),2,0,0,2,2
535,Charles Xavier (Earth-8591),2,0,0,2,2
534,Kulan Gath (Impostor) (Earth-8591),2,0,1,2,3
533,Samuel Guthrie (Earth-8591),2,0,0,2,2
532,Roberto Da Costa (Earth-8591),2,0,0,2,2
531,Danielle Moonstar (Earth-8591),2,0,0,2,2
465,Wolverine (Arcade's Robot),2,0,0,2,2
530,Rahne Sinclair (Earth-8591),2,0,0,2,2
529,New Mutants (Earth-8591),2,0,0,2,2
464,X-Men (Arcade's Robots),2,0,0,2,2
528,Mark Hallett (Earth-8591),2,0,0,2,2
524,Peter Parker (Earth-8591),2,0,0,2,2
396,Haeg'Rill,2,0,0,2,2
516,Piotr Rasputin (Earth-8591),2,0,0,2,2
364,Federal Bureau of Investigation,2,0,3,2,5
526,Vizier's Guard (Earth-8591),2,0,0,2,2
417,Daniel Shomron,2,0,2,2,4
525,Warlock (Technarch) (Earth-8591),2,0,0,2,2
474,Roberta,2,0,0,2,2
418,National Socialist German Workers Party,2,1,9,3,12
470,Colossus (Arcade's Robot),2,0,0,2,2
1602,Shelby Montrobe,2,0,0,2,2
527,Morlocks (Earth-8591),2,0,0,2,2
1624,Department K,2,0,3,2,5
551,Arilynn Williams,1,0,0,1,1
1185,Secret Empire,1,0,0,1,1
154,Modt,1,0,0,1,1
150,Scintilla,1,1,0,2,2
1455,Matthew Murdock (Earth-8910),1,0,0,1,1
158,T'Challa,1,0,0,1,1
1164,Gragnon,1,0,0,1,1
1454,Medusalith Amaquelin (Earth-8910),1,0,0,1,1
1184,David Thompson,1,0,0,1,1
1181,Jack Fisher,1,0,0,1,1
453,Mari-Ell,1,0,0,1,1
1457,James Howlett (Earth-8910),1,0,0,1,1
1178,Adam (Gideon),1,0,0,1,1
156,Henry Pym,1,0,0,1,1
1456,Stephen Strange (Earth-8910),1,0,0,1,1
139,Hobgoblin (Imperial Guard),1,1,0,2,2
543,Arilynn Williams (Earth-8591),1,0,0,1,1
1188,Martin Davis,1,0,0,1,1
1208,Ariel (Coconut Grove),1,0,0,1,1
133,Soul-Drinker,1,1,0,2,2
130,Charles Xavier (Entity),1,0,0,1,1
1211,Zano (Xartan),1,0,0,1,1
1212,Avengers (Xartans),1,0,0,1,1
1213,Black Knight (Xartan),1,0,0,1,1
1214,She-Hulk (Xartan),1,0,0,1,1
1215,Doctor Druid (Xartan),1,0,0,1,1
1216,Thor (Xartan),1,0,0,1,1
1217,Anthony Druid,1,0,0,1,1
1218,Ed Koch,1,0,0,1,1
1219,Sheila Blake,1,0,0,1,1
1220,Tammy Blake,1,0,0,1,1
1221,Karen Blake,1,0,0,1,1
539,Vision (Earth-8591),1,1,0,2,2
136,Astra (Imperial Guard),1,2,0,3,3
1206,Franklin Richards,1,1,1,2,3
1205,Joanna Blanding,1,0,0,1,1
1196,Tunnelers,1,0,0,1,1
141,Magique,1,0,0,1,1
140,Impulse,1,0,0,1,1
1634,Six Pack,1,0,3,1,4
1193,Joe Simsky,1,0,0,1,1
1194,Zeek,1,0,0,1,1
1162,Horio,1,0,0,1,1
1197,Blow-Hard,1,0,0,1,1
1204,Andrew Blanding,1,0,0,1,1
1198,Scaleface,1,0,0,1,1
1199,Ray Carter,1,0,0,1,1
1200,Savage Wolf Gang,1,0,0,1,1
540,Wanda Maximoff (Earth-8591),1,1,0,2,2
1202,Fallen Angels,1,0,0,1,1
137,Electron (Imperial Guard),1,2,0,3,3
1163,Rekxor,1,0,0,1,1
1462,Advanced Idea Mechanics (Earth-8910),1,0,0,1,1
1161,Sebastian (Skrull),1,0,0,1,1
570,Luis Rodriguez,1,0,0,1,1
415,Piotr Rasputin (Earth-8280),1,3,0,4,4
210,John Byrne,1,0,0,1,1
1468,Jonathan Storm (Earth-8910),1,0,0,1,1
1613,Robert Farrell,1,0,0,1,1
1614,Arnim Zola,1,0,0,1,1
38,Joe Harris,1,0,0,1,1
421,Hydra,1,0,2,1,3
200,Takeo Fukuda,1,0,0,1,1
199,Deterrence Research Corporation,1,0,0,1,1
583,Margaret Craig,1,0,0,1,1
582,James Power,1,0,0,1,1
423,Rudolf Kranz,1,0,0,1,1
424,Tsahal,1,0,0,1,1
426,Daily Bugle (The DB!),1,0,0,1,1
427,Dzílòs,1,0,0,1,1
428,Komitet Gosudarstvennoy Bezopasnosti,1,0,3,1,4
1467,Reed Richards (Earth-8910),1,0,0,1,1
574,Mick Travis,1,0,0,1,1
429,T'Crilēē,1,0,0,1,1
212,Luke Cage,1,0,0,1,1
1081,Gyrk,1,0,0,1,1
1080,Raek,1,0,0,1,1
1475,Rogue (Anna Marie) (Earth-8910),1,0,0,1,1
688,Tom Tibbidoe,1,0,0,1,1
1479,Cain Marko (Earth-8910),1,0,0,1,1
1478,Janet Van Dyne (Earth-8910),1,0,0,1,1
1477,Max Eisenhardt (Earth-8910),1,0,0,1,1
1476,Alexander Summers (Earth-8910),1,0,0,1,1
1066,Jakob Eisenhardt,1,0,0,1,1
1067,Edie Eisenhardt,1,0,0,1,1
1068,Ruth Eisenhardt,1,0,0,1,1
1474,Robert Drake (Earth-8910),1,0,0,1,1
1469,Benjamin Grimm (Earth-8910),1,0,0,1,1
1473,Scott Summers (Earth-8910),1,0,0,1,1
1472,Ororo Munroe (Earth-8910),1,0,0,1,1
1471,X-Men (Earth-8910),1,0,0,1,1
1074,Arcturus Rann,1,0,0,1,1
1075,Mari,1,0,0,1,1
1076,Fireflyte,1,0,0,1,1
1470,Susan Storm (Earth-8910),1,0,0,1,1
1078,Gerhard van Ostamgen,1,0,0,1,1
1619,Ferro (Earth-TRN299),1,0,0,1,1
1466,Fantastic Four (Earth-8910),1,0,0,1,1
1160,Skrull Slavers,1,0,0,1,1
192,Kor-At,1,0,0,1,1
561,Angelica Jones,1,0,1,1,2
441,Susan Storm,1,1,2,2,4
1463,Dormammu (Earth-8910),1,0,0,1,1
1141,Shrannk,1,0,0,1,1
1142,Phineas Mason,1,0,0,1,1
174,Jorge Perez,1,0,0,1,1
171,Daniel Rand,1,0,2,1,3
170,Colosso,1,0,0,1,1
169,Mitchell Tanner,1,0,0,1,1
168,Captain Delaney,1,0,0,1,1
166,Gary Cody,1,0,0,1,1
1224,Big Top,1,0,0,1,1
1461,Annihilus (Earth-8910),1,0,0,1,1
1460,Norrin Radd (Earth-8910),1,0,0,1,1
1459,Jennifer Walters (Earth-8910),1,0,0,1,1
1458,Emma Frost (Earth-8910),1,0,0,1,1
1156,Samson (Morlock),1,0,0,1,1
162,Katherine Summers,1,5,3,6,9
452,"Joseph Danvers, Sr.",1,0,0,1,1
1136,Grand Vizier (Asgard),1,0,1,1,2
1135,Robert Hunter,1,1,2,2,4
175,John Cheever,1,2,0,3,3
1465,Blastaar (Earth-8910),1,0,0,1,1
1112,Zeus Panhellenios,1,0,0,1,1
1113,Phoebus Apollo,1,0,0,1,1
1114,Ares,1,0,0,1,1
1115,Jaime Suarez,1,0,0,1,1
191,Sun-People,1,0,0,1,1
190,Tandy Snow,1,0,0,1,1
1118,Flosi,1,0,0,1,1
1119,Garm,1,0,0,1,1
189,Bernard Kloss,1,0,0,1,1
562,SecBots,1,0,0,1,1
1620,Phineous Umbridge,1,0,0,1,1
186,Kirk Marston,1,0,0,1,1
1464,Uatu (Earth-8910),1,0,0,1,1
182,Fahe,1,0,0,1,1
567,Hounds (Earth-811),1,0,5,1,6
181,Barok,1,0,0,1,1
434,Prophet-Singer,1,0,0,1,1
1623,Jeremy Clarke,1,0,1,1,2
1223,Speedfreak,1,0,0,1,1
111,Kelson (Leprechaun),1,0,0,1,1
1225,Monitor,1,0,0,1,1
1387,Meggan Puceanu (Earth-8919),1,0,0,1,1
1368,Wilbur Griswald,1,0,0,1,1
1369,Martha Griswald,1,0,0,1,1
1370,Calvin Griswald,1,0,0,1,1
1371,Susie Griswald,1,0,0,1,1
1372,Color Sergeant Vaughn,1,0,0,1,1
1445,Taneleer Tivan (Earth-8910),1,0,0,1,1
1444,Amora (Earth-8910),1,0,0,1,1
1443,Owen Reece (Earth-8910),1,0,0,1,1
66,Sentinel T-20,1,0,0,1,1
65,Sentinel A7,1,0,0,1,1
64,Sentinel A3,1,0,0,1,1
63,Sentinel A1,1,0,0,1,1
1380,Color Sergeant Vaughn (Earth-99476),1,0,0,1,1
1442,Quentin Beck (Earth-8910),1,0,0,1,1
1441,Damage Co-Ordination (Earth-8910),1,0,0,1,1
1440,George Tarleton (Earth-8910),1,0,0,1,1
1385,Excalibur (Earth-8919),1,0,0,1,1
469,Nightcrawler (Arcade's Robot),1,0,0,1,1
67,Stan Lee,1,0,0,1,1
68,Jack Kirby,1,0,0,1,1
1354,Lockheed (Earth-99476),1,0,0,1,1
1642,Absalom,1,0,0,1,1
1347,Ducks (Warwolf),1,0,0,1,1
1348,Criminal Investigation Department,1,0,0,1,1
1349,Rupert Holloway,1,0,1,1,2
1350,Wally Wuggens,1,0,0,1,1
1351,British Army,1,1,0,2,2
1353,Shadowcompsognathus (Earth-99476),1,0,0,1,1
1355,Opal Luna Saturnyne (Earth-9),1,1,2,2,4
483,Japan Ground Self-Defense Force,1,0,0,1,1
71,Paty Cockrum,1,0,0,1,1
1447,John Byrne (Earth-8910),1,0,0,1,1
1446,Chris Claremont (Earth-8910),1,0,0,1,1
1360,Miss Octavia,1,0,0,1,1
1361,Barbara McAllister,1,0,0,1,1
1362,Otto Octavius,1,0,0,1,1
485,Paul Garwood,1,0,1,1,2
1386,Katherine Pryde (Earth-8919),1,0,0,1,1
1388,Brian Braddock (Earth-8919),1,0,0,1,1
1641,Burke,1,0,0,1,1
1389,Kurt Wagner (Earth-8919),1,0,0,1,1
1413,Nigel Frobisher (Earth-1193),1,0,0,1,1
1433,Loki Laufeyson (Earth-8910),1,0,0,1,1
1432,Vision (Earth-8910),1,0,0,1,1
1416,Henry Pym (Earth-8910),1,0,0,1,1
1417,Namor McKenzie (Earth-8910),1,0,0,1,1
1418,Ulysses Klaw (Earth-8910),1,0,0,1,1
1419,Karnak Mander-Azur (Earth-8910),1,0,0,1,1
1420,Blackagar Boltagon (Earth-8910),1,0,0,1,1
1421,Nathaniel Richards (Kang) (Earth-8910),1,0,0,1,1
1422,Zheng Shang-Chi (Earth-8910),1,0,0,1,1
1423,Victor von Doom (Earth-8910),1,0,0,1,1
1424,Steven Rogers (Earth-8910),1,0,0,1,1
1425,Peter Parker (Earth-8910),1,0,0,1,1
1426,Norman Osborn (Earth-8910),1,0,0,1,1
1427,Ronan (Earth-8910),1,0,0,1,1
1428,Psycho-Man (Earth-8910),1,0,0,1,1
1429,Bentley Wittman (Earth-8910),1,0,0,1,1
1412,Crown King (Earth-1193),1,0,0,1,1
1411,Thor Odinson (Earth-1193),1,0,0,1,1
1410,Dane Whitman (Earth-1193),1,0,0,1,1
478,Amiko Kobayashi,1,0,1,1,2
49,Kierrok,1,0,0,1,1
47,Bruce Banner,1,2,10,3,13
1439,Thor Odinson (Earth-8910),1,0,0,1,1
44,Maggia,1,0,2,1,3
1437,Bruce Banner (Earth-8910),1,0,0,1,1
1436,Pietro Maximoff (Earth-8910),1,0,0,1,1
479,Puff,1,1,1,2,3
1399,Goliath (Horse) (Earth-1193),1,0,0,1,1
1409,Impossible Man (Earth-8910),1,0,0,1,1
1435,Wanda Maximoff (Earth-8910),1,0,0,1,1
1434,Anthony Stark (Earth-8910),1,0,0,1,1
477,Rusher Street Rebels,1,0,0,1,1
476,Jo (Morlock),1,0,0,1,1
1406,Joshua N'Dingi,1,1,0,2,2
1407,Richard Jones (Earth-8910),1,0,0,1,1
1408,Galan (Earth-8910),1,0,0,1,1
466,Kitty Pryde (Arcade's Robot),1,0,0,1,1
77,Matthew Murdock,1,0,2,1,3
538,United States Navy,1,0,0,1,1
1286,Ruby (Ravens),1,0,0,1,1
1261,Slimeball (Children of Heaven),1,0,0,1,1
1262,Buzzsaw (Children of Heaven),1,0,0,1,1
1263,Mohawk (Children of Heaven),1,0,0,1,1
1264,Phillip (Children of Heaven),1,0,0,1,1
1265,Hargen,1,0,0,1,1
95,Lorna Dane (X-Sentinel),1,0,0,1,1
1268,Boomer (Reject),1,0,0,1,1
1269,Wilson Fisk,1,0,1,1,2
1270,Roderick Kingsley,1,0,0,1,1
1271,Johann Shmidt,1,0,0,1,1
1272,Madcap,1,0,0,1,1
1273,One Above All (Celestial),1,0,0,1,1
94,Alexander Summers (X-Sentinel),1,0,0,1,1
93,Gerald Michael Rivera,1,0,0,1,1
92,Roger Grimsby,1,0,0,1,1
1278,Frederik Spense,1,0,0,1,1
91,Robert Chalmers,1,0,0,1,1
1260,Voodoo (Donny),1,0,0,1,1
1259,Beth (Children of Heaven),1,0,0,1,1
1258,Blowhard (Greg),1,0,0,1,1
1244,Spak,1,0,0,1,1
1234,Ellie Jones,1,0,0,1,1
1453,Adam Warlock (Earth-8910),1,0,0,1,1
126,S'lar,1,0,0,1,1
123,Shi'ar Imperial Intelligence,1,0,0,1,1
1240,Jak,1,0,0,1,1
1241,Swen,1,0,0,1,1
1452,John Falsworth (Earth-8910),1,0,0,1,1
1481,Gorgon Petragon (Earth-8910),1,0,0,1,1
1257,Michael (Children of Heaven),1,0,0,1,1
110,Padraic (Leprechaun),1,0,0,1,1
109,Donal O'Bradaigh,1,0,0,1,1
1451,Mar-Vell (Earth-8910),1,0,0,1,1
1450,Bullseye (Lester) (Earth-8910),1,0,0,1,1
1254,Larrs,1,0,0,1,1
1255,Wrakk,1,0,0,1,1
1256,Children of Heaven,1,0,0,1,1
1281,Azure,1,0,0,1,1
1288,Charlie Grant,1,0,0,1,1
1640,Nicodemus (Mutant),1,0,0,1,1
1289,Liz Barnes,1,0,0,1,1
497,Hellhounds (Dire Wraiths),1,0,0,1,1
1321,Lockjaw,1,0,0,1,1
1322,Triton,1,0,0,1,1
1323,Shinobi Shaw,1,0,0,1,1
1324,Boak (Earth-4935),1,0,0,1,1
1325,Clan Askani (Earth-4935),1,0,0,1,1
1326,Medusalith Amaquelin,1,0,1,1,2
1449,Clinton Barton (Earth-8910),1,0,0,1,1
82,Sentinel L-1,1,0,0,1,1
81,Mikhail Kutuzov,1,0,0,1,1
80,Project Starcore,1,0,2,1,3
1332,Ray Mulholland,1,0,0,1,1
1333,Jacko Petrie,1,0,0,1,1
496,Phillip Rosen,1,0,0,1,1
1335,Ai'sha (Earth-148),1,0,0,1,1
1336,Brion Burdack (Earth-148),1,0,0,1,1
1337,Zz'ria (Earth-148),1,0,0,1,1
498,Joe Huntley,1,0,0,1,1
1639,Garbha-Hsien,1,0,0,1,1
1316,Sersi,1,0,0,1,1
510,United States Navy (Earth-811),1,0,0,1,1
1290,George Jones,1,0,0,1,1
1291,Roderick Campbell (Earth-811),1,0,1,1,2
1292,Marty Smith,1,0,0,1,1
1293,Sam Mellon,1,0,0,1,1
1297,Die'ode,1,0,0,1,1
1298,Fu'se,1,0,0,1,1
1299,Katsu'ta'ro,1,0,0,1,1
1305,Ko'ichi,1,0,0,1,1
501,Jean Grey (Earth-811),1,0,6,1,7
1306,Toshi,1,0,0,1,1
1637,Eisenhower Canty,1,0,1,1,2
462,Frank Lowell,1,0,0,1,1
1311,Psynapse,1,0,1,1,2
503,Illyana Rasputina (Earth-811),1,0,0,1,1
502,Jimaine Szardos (Earth-811),1,0,0,1,1
1314,Rick Carmichael,1,0,0,1,1
1480,Klaus Voorhees (Earth-8910),1,0,0,1,1
471,Cyclops (Arcade's Robot),1,0,0,1,1
1482,Kura,1,0,0,1,1
829,Amelia Greer,1,0,0,1,1
1560,Sid (Earth-23238),1,0,0,1,1
1559,Brundle (Earth-23238),1,0,0,1,1
384,Windrider (Earth-5311),1,0,0,1,1
1558,Peter Parker (Earth-23238),1,0,0,1,1
286,August Hopper,1,1,0,2,2
385,Xavier (Earth-5311),1,0,0,1,1
1557,Meggan Puceanu (Earth-23238),1,0,0,1,1
1556,Davey Banner (Earth-23238),1,0,0,1,1
1555,Douglas Ramsey (Earth-23238),1,0,0,1,1
658,David Ishima,1,0,0,1,1
819,Ruth Wu,1,0,0,1,1
820,"Landau, Luckman & Lake",1,0,0,1,1
1554,Cadbury (Earth-23238),1,0,0,1,1
1553,Cassandra Bull (Earth-23238),1,0,0,1,1
279,Paul Bailey,1,0,0,1,1
657,Ann Randall,1,0,0,1,1
278,R'Klll,1,0,0,1,1
826,Harriers,1,0,0,1,1
827,Jerome Hamilton (Battleaxe),1,0,0,1,1
1561,Sybil Sherman (Earth-9006),1,0,0,1,1
807,Warpies,1,0,0,1,1
1562,Thracius Magnus (Earth-4100),1,0,0,1,1
1573,Kurt Wagner (Earth-Unknown),1,0,0,1,1
381,Mean (Earth-5311),1,0,0,1,1
382,Lockheed (Earth-5311),1,0,0,1,1
302,Zelda Kurtzberg,1,1,0,2,2
1574,Katherine Pryde (Earth-Unknown),1,0,0,1,1
790,Peter (Nereel),1,0,0,1,1
663,Tommy (Morlock),1,1,0,2,2
792,Matthew Plunder,1,0,0,1,1
662,Richard Salmons,1,0,0,1,1
1572,Brian Braddock (Earth-Unknown),1,0,0,1,1
1563,Rene de Bragelonne (Earth-1508),1,0,0,1,1
1571,Meggan Puceanu (Earth-Unknown),1,0,0,1,1
1570,Excalibur (Earth-Unknown),1,0,0,1,1
1569,Avant Guard (Earth-9),1,0,0,1,1
1568,Master Archivist (Earth-522),1,0,0,1,1
1567,Immigration Inspector (Earth-522),1,0,0,1,1
383,Scott Summers (Earth-5311),1,0,0,1,1
1565,Kozfran (Earth-9246),1,0,0,1,1
1564,Morwen Powell (Earth-1282),1,0,0,1,1
828,Zeke Sallinger,1,0,0,1,1
830,Jesus Suarez,1,0,0,1,1
882,Frank Castle,1,0,0,1,1
831,Tom Nakadai,1,0,0,1,1
858,Katherine Pryde (Masque's Doppelganger),1,0,0,1,1
273,Raksor,1,0,0,1,1
387,Roak (Earth-5311),1,0,0,1,1
1552,Justicers (Earth-23238),1,0,0,1,1
863,Ivan Petrovich Bezukhov,1,0,0,1,1
864,Natalia Romanova,1,0,0,1,1
865,Seraph,1,0,0,1,1
866,Jonin (WWII),1,0,0,1,1
867,Kreutzmann,1,0,0,1,1
868,Schutzstaffel,1,0,0,1,1
869,Death's Head Squadron (Nazi),1,0,0,1,1
870,Geoffrey Sydenham,1,0,0,1,1
1551,Illyana Rasputina (Earth-23238),1,0,0,1,1
1550,Elizabeth Braddock (Earth-23238),1,0,0,1,1
1549,Brian Braddock (Earth-23238),1,0,0,1,1
874,Soong,1,0,0,1,1
1548,Katherine Pryde (Earth-23238),1,0,0,1,1
644,Don Regan,1,0,0,1,1
266,Tuoks'enhaamin,1,0,0,1,1
857,New Mutants (Masque),1,0,0,1,1
856,X-Men (Masque),1,0,0,1,1
274,Bel-Dann,1,0,0,1,1
840,Gaea,1,0,0,1,1
832,Lifeline,1,0,0,1,1
386,Jean Grey (Earth-5311),1,0,0,1,1
834,Bobbi Chase,1,0,0,1,1
835,Andrei Rostov (Piston),1,0,0,1,1
836,Louis Joubert,1,0,0,1,1
277,Supreme Intelligence,1,0,0,1,1
655,Colin Lewis,1,0,0,1,1
276,Recorder 211,1,0,0,1,1
841,Genoshan Foreign Minister,1,0,0,1,1
854,Governor Seward,1,0,0,1,1
654,United States Department of State,1,0,0,1,1
843,Henry McCoy (Masque's Doppelganger),1,0,0,1,1
653,Max Reigner,1,0,0,1,1
652,Ruritanian National Guard,1,0,0,1,1
847,Piotr Rasputin (Masque's Doppelganger),1,0,0,1,1
848,Longshot (Masque's Doppelganger),1,0,0,1,1
850,Illyana Rasputina (Masque's Doppelganger),1,0,0,1,1
851,Warlock (Masque's Doppelganger),1,0,0,1,1
380,Katherine Pryde (Earth-5311),1,0,0,1,1
307,Joe Parnall,1,0,0,1,1
308,Tommy Parnall,1,0,0,1,1
309,Paul Cartier,1,0,0,1,1
1584,Nightmare,1,0,1,1,2
717,Azazello,1,0,0,1,1
718,Behemoth (Demon),1,0,0,1,1
719,Koroviev,1,0,0,1,1
348,Bruce Banner (Earth-811),1,0,0,1,1
347,Johnathon Blaze (Earth-811),1,0,0,1,1
346,Susan Storm (Earth-811),1,0,0,1,1
345,Reed Richards (Earth-811),1,0,0,1,1
344,T'Challa (Earth-811),1,0,0,1,1
343,Steven Rogers (Earth-811),1,0,0,1,1
342,Jonathan Storm (Earth-811),1,0,0,1,1
341,Victor von Doom (Earth-811),1,0,0,1,1
340,Peter Parker (Earth-811),1,0,0,1,1
339,Anthony Stark (Earth-811),1,0,0,1,1
338,Benjamin Grimm (Earth-811),1,0,0,1,1
365,Colonel Hendershoot,1,0,0,1,1
1591,Vega-Superior,1,0,0,1,1
734,Michael Jackson,1,0,1,1,2
337,Vision (Earth-811),1,0,0,1,1
715,Billy Mao,1,0,0,1,1
714,Mei Ling (Child),1,0,0,1,1
1585,Infant Terrible,1,0,0,1,1
702,Eiko,1,0,0,1,1
1588,Smartship Friday,1,0,0,1,1
695,Lethbridge-Stewart,1,0,0,1,1
696,Fran Morrow,1,1,0,2,2
697,Sally Harding,1,1,0,2,2
698,Norman Belmont,1,1,0,2,2
1589,Rintrah,1,0,0,1,1
700,Akira,1,0,0,1,1
701,Jiro (Japanese),1,0,0,1,1
357,Jock Forrester,1,0,0,1,1
1586,James Power (Pseudoplasm),1,0,0,1,1
704,O.Z. Chase,1,0,0,1,1
705,Cerberus (O.Z. Chase),1,0,0,1,1
706,Vladimir Zaitsev,1,0,0,1,1
1590,Vega-Men,1,0,0,1,1
356,Theodore Sallis,1,0,0,1,1
709,Jessán Hoan,1,0,1,1,2
355,Ellie Moore,1,0,0,1,1
354,Douglas Moore,1,0,0,1,1
1583,Alexander Power (Pseudoplasm),1,0,0,1,1
1582,Vincent Gardner,1,0,0,1,1
335,Warren Worthington III (Earth-811),1,0,0,1,1
772,John Ostrander,1,0,0,1,1
314,Franklin Richards (Earth-811),1,3,2,4,6
764,Lou Marcelli,1,0,0,1,1
765,Billy Sullivan (Security),1,0,0,1,1
1578,Candy Goodstroke (Earth-8908),1,0,0,1,1
768,Conquest,1,0,0,1,1
769,Cosmic Cutie Commandos,1,0,0,1,1
770,Hades Horde,1,0,0,1,1
771,Frankie Raye,1,0,1,1,2
773,Jeremy Bingham,1,0,0,1,1
316,Max Eisenhardt (Earth-811),1,1,1,2,3
774,James Olsen,1,0,0,1,1
775,Perry White,1,0,0,1,1
776,George H. W. Bush,1,0,2,1,3
1577,Alfie O'Meagan (Earth-8908),1,0,0,1,1
778,Sharon Kelly,1,1,0,2,2
1576,Vavara Novikova (Earth-8908),1,0,0,1,1
1575,John Doe (Earth-8908),1,0,0,1,1
310,Marie Cartier,1,0,0,1,1
379,Piotr Rasputin (Earth-5311),1,0,0,1,1
378,Khalid bin Abdul Aziz,1,0,0,1,1
680,Piper (Morlock),1,0,0,1,1
1581,Cooter,1,0,0,1,1
333,Robert Drake (Earth-811),1,0,0,1,1
679,Cybelle,1,0,0,1,1
331,Matthew Murdock (Earth-811),1,0,0,1,1
330,Wanda Maximoff (Earth-811),1,0,0,1,1
329,Henry McCoy (Earth-811),1,0,0,1,1
328,United States Senate,1,0,0,1,1
327,Big Alex (Earth-811),1,0,0,1,1
326,Rogue Pack (Earth-811),1,0,0,1,1
678,Bulk,1,1,1,2,3
1580,Brendan O'Reilly,1,0,0,1,1
677,Glow Worm,1,1,1,2,3
676,Joey Black,1,0,0,1,1
674,Ben Lockin,1,0,0,1,1
373,Leonid Brezhnev,1,0,0,1,1
374,Daniel Arap Moi,1,0,0,1,1
376,Deng Xiaoping,1,0,0,1,1
757,Annie Richardson,1,1,1,2,3
377,Hu Yaobang,1,0,0,1,1
881,Suzanne Gaffney,1,0,0,1,1
270,Manta,1,0,0,1,1
642,Gregori Suvorov,1,0,0,1,1
997,Monica Rambeau,1,0,0,1,1
402,Sp'yxx,1,0,0,1,1
403,Trypthe,1,0,0,1,1
989,Hades,1,1,0,2,2
404,Blackthorn,1,0,0,1,1
408,Harmony Young,1,0,0,1,1
994,Massachusetts State Police,1,1,0,2,2
409,Vlad Dracula,1,0,1,1,2
410,Ororo Munroe (Earth-8280),1,1,1,2,3
411,Belasco,1,3,18,4,22
981,Philip Sullivan,1,0,0,1,1
1503,Nigel Frobisher (Earth-1289),1,0,0,1,1
1000,Patrick Roberts,1,0,0,1,1
1502,Hounds (Earth-1289),1,0,0,1,1
1501,Captains of the Clouds (Earth-1289),1,0,0,1,1
1500,Jean Grey (Earth-1289),1,0,0,1,1
1004,Police Scotland,1,0,0,1,1
1005,Larry Bodine,1,0,0,1,1
1006,Jim Bodine,1,0,0,1,1
401,Sea Spine,1,0,0,1,1
980,Dale Sullivan,1,0,0,1,1
226,Magneto (Arcade Android),1,0,0,1,1
399,Borderers,1,0,0,1,1
225,Len Wein,1,0,0,1,1
1610,William Baker,1,0,0,1,1
224,Glynis Oliver,1,0,0,1,1
223,Roger Stern,1,0,0,1,1
394,Skur'kll,1,0,0,1,1
397,Sapt,1,0,0,1,1
884,Lucas Hamilton,1,0,0,1,1
1611,Hobart Brown,1,0,0,1,1
400,Webwing,1,0,0,1,1
979,Rahne Sinclair (Earth-8510),1,0,1,1,2
971,Madripoor Police Force,1,0,0,1,1
972,Ashake (Egyptian),1,0,0,1,1
973,Hamarkis,1,0,0,1,1
974,Phix,1,0,0,1,1
975,New Mutants (Earth-8510),1,0,1,1,2
976,Samuel Guthrie (Earth-8510),1,0,1,1,2
977,Amara Aquilla (Earth-8510),1,0,1,1,2
978,Roberto Da Costa (Earth-8510),1,0,1,1,2
1007,Mary Bodine,1,0,0,1,1
1499,Pica (Earth-1289),1,0,0,1,1
1009,Robert the Bruce,1,0,0,1,1
1046,Jonathan Storm (Earth-8720),1,0,0,1,1
1038,Hercules Panhellenios (Earth-8720),1,0,0,1,1
1039,Monica Rambeau (Earth-8720),1,0,0,1,1
1040,Anthony Stark (Earth-8720),1,0,0,1,1
1041,Clinton Barton (Earth-8720),1,0,0,1,1
1042,Barbara Morse (Earth-8720),1,0,0,1,1
1487,Frankenstein's Monster (Earth-8926),1,0,0,1,1
1044,Fantastic Four (Earth-8720),1,0,0,1,1
1045,Reed Richards (Earth-8720),1,0,0,1,1
1047,Benjamin Grimm (Earth-8720),1,0,0,1,1
1498,High Priest (Earth-1289),1,0,0,1,1
1486,Alistaire Stuart (Earth-8926),1,0,0,1,1
1049,New Mutant Bratpack (Earth-87050),1,0,0,1,1
1050,Katherine Power (Earth-87050),1,0,0,1,1
1051,Archangel (Earth-87050),1,0,0,1,1
596,Shani,1,0,0,1,1
1612,Paladin,1,0,0,1,1
594,New York City Fire Department,1,0,1,1,2
1485,Alysande Stuart (Earth-8926),1,0,0,1,1
1037,Dane Whitman (Earth-8720),1,0,0,1,1
1036,Greer Nelson (Earth-8720),1,0,0,1,1
1035,Janet Van Dyne (Earth-8720),1,0,0,1,1
1034,Steven Rogers (Earth-8720),1,0,0,1,1
1011,"James Douglas, Lord of Douglas",1,0,0,1,1
1012,New Mutants (Earth-8720),1,0,2,1,3
413,Kurt Wagner (Earth-8280),1,2,1,3,4
1014,Samuel Guthrie (Earth-8720),1,0,2,1,3
1015,Danielle Moonstar (Earth-8720),1,0,2,1,3
1016,Brightwind (Earth-8720),1,0,0,1,1
1017,Lila Cheney (Earth-8720),1,0,0,1,1
414,James Howlett (Earth-8280),1,0,2,1,3
597,Mjnari,1,0,0,1,1
1021,X-Men (Earth-8720),1,0,0,1,1
1024,Piotr Rasputin (Earth-8720),1,0,0,1,1
1025,James Howlett (Earth-8720),1,0,0,1,1
1490,Meggan Puceanu (Earth-1189),1,0,0,1,1
1030,Freedom Force (Earth-8720),1,0,0,1,1
1031,St. John Allerdyce (Earth-8720),1,0,0,1,1
1032,Frederick Dukes (Earth-8720),1,0,0,1,1
1033,Avengers (Earth-8720),1,0,0,1,1
1518,Rahne Sinclair (Earth-2122),1,0,0,1,1
1514,Ard-Con,1,0,0,1,1
631,Préfecture de Police de Paris,1,0,0,1,1
909,John Ogilvie,1,0,0,1,1
913,Peter Bristow,1,0,1,1,2
1536,Selene Gallio (Earth-2122),1,0,0,1,1
1535,Emma Frost (Earth-2122),1,0,0,1,1
1603,Amy Fink,1,0,0,1,1
389,Central Intelligence Agency,1,0,2,1,3
235,Jennie Banks,1,1,0,2,2
234,Joseph MacTaggert,1,2,3,3,6
227,Hulk (Arcade Android),1,0,0,1,1
1604,Karen Fink,1,0,0,1,1
629,Michelle Deveraux,1,0,0,1,1
1533,Jason Wyngarde (Earth-2122),1,0,0,1,1
925,Advanced Idea Mechanics,1,0,2,1,3
233,Ferdie Duncan,1,1,0,2,2
627,James Jaspers,1,0,0,1,1
1605,Amy Keats,1,0,0,1,1
625,Anya Eisenhardt,1,0,2,1,3
1606,Gunther Gyles,1,0,0,1,1
635,Russian Armed Forces,1,0,0,1,1
1537,Sons of Liberty (Earth-2122),1,0,0,1,1
932,Joshua Guthrie,1,0,2,1,3
1541,Nathan Summers (Earth-2122),1,0,0,1,1
1547,Amahl Farouk (Earth-811),1,0,0,1,1
641,Russian Navy,1,0,0,1,1
1546,Selene Gallio (Earth-811),1,0,0,1,1
261,Juber (Shi'ar),1,0,0,1,1
260,Eluke,1,0,0,1,1
259,Norrin Radd,1,0,2,1,3
1545,Sebastian Shaw (Earth-811),1,0,0,1,1
252,"Warren Worthington, Jr.",1,0,1,1,2
249,Frost International,1,0,0,1,1
1544,Emma Frost (Earth-811),1,0,0,1,1
638,Gendarmerie Nationale,1,0,0,1,1
898,James Howlett (War Skrull),1,0,0,1,1
899,Jubilation Lee (War Skrull),1,0,0,1,1
1543,Hellfire Club (Earth-811),1,0,0,1,1
1542,Courtney Ross (Earth-2122),1,0,0,1,1
902,Leong Coy Manh,1,1,6,2,8
903,Nga Coy Manh,1,1,6,2,8
931,Paige Guthrie,1,0,1,1,2
1430,Roberta (Earth-8910),1,0,0,1,1
933,Melody Guthrie,1,0,1,1,2
1520,Sean Cassidy (Earth-2122),1,0,0,1,1
620,Ruth Shulman,1,0,0,1,1
934,Jebediah Guthrie,1,0,1,1,2
1608,Wild Pack,1,0,0,1,1
1524,Rogue (Anna Marie) (Earth-2122),1,0,0,1,1
1523,Henry McCoy (Earth-2122),1,0,0,1,1
228,Alexandra Rasputina,1,0,2,1,3
618,Avram Goldberg,1,0,0,1,1
232,Kyras Shakati,1,0,0,1,1
622,Commission on Superhuman Activities,1,1,0,2,2
953,Harry Morrel,1,0,0,1,1
1609,Silvija Sablinova,1,0,0,1,1
621,David Shulman,1,0,0,1,1
1530,Metropolitan Police Service (Earth-2122),1,0,0,1,1
935,Elizabeth Guthrie,1,0,1,1,2
936,Joelle Guthrie,1,0,1,1,2
1519,Samuel Guthrie (Earth-2122),1,0,0,1,1
937,Lewis Guthrie,1,0,1,1,2
938,Cissie Guthrie,1,0,1,1,2
1587,Margaret Craig (Pseudoplasm),0,1,0,1,1
1526,Scott Summers (Earth-2122),0,0,1,0,1
1484,M'Buele,0,1,0,1,1
1596,Excalibur (Earth-90122),0,1,0,1,1
1512,Chief Toren (Earth-9019),0,0,1,0,1
1483,Rafi,0,1,0,1,1
1597,Captain Britain (Earth-90122),0,1,0,1,1
1598,Kurt Wagner (Earth-90122),0,1,0,1,1
1431,Avengers (Earth-1193),0,0,1,0,1
1448,Damage Control,0,0,1,0,1
1626,Weapon X,0,0,1,0,1
1566,Mandragon (Earth-TRN217),0,0,1,0,1
1638,Dalton Trumbo,0,0,1,0,1
1599,Morgan (Earth-90122),0,1,0,1,1
1600,Dark Tiger (Earth-90122),0,1,0,1,1
1595,Alysande Stuart (Earth-90122),0,1,0,1,1
1540,Steven Rogers (Earth-2122),0,0,1,0,1
1607,Pietro Maximoff (Earth-811),0,0,1,0,1
1633,Malcolm (Earth-1191),0,1,0,1,1
1632,Trevor Fitzroy (Earth-1191),0,1,0,1,1
1631,Lucas Bishop (Earth-1191),0,1,0,1,1
1508,Brian Braddock (Earth-9019),0,0,1,0,1
1579,Komitet Gosudarstvennoy Bezopasnosti (Earth-8908),0,0,1,0,1
1509,Elizabeth Braddock (Earth-9019),0,0,1,0,1
1510,James Braddock Sr. (Earth-9019),0,0,1,0,1
1644,Amanda Smith,0,0,1,0,1
1511,Elizabeth Hartwood (Earth-9019),0,0,1,0,1
39,Milos Masaryk,0,2,0,2,2
1618,Marc Spector,0,0,1,0,1
1593,Weird Happenings Organization (Earth-90122),0,1,0,1,1
1539,Kurt Wagner (Earth-2122),0,0,1,0,1
1628,X-Factor (Government),0,0,1,0,1
1494,Fantastic Four (Earth-1189),0,0,1,0,1
1594,Dai Thomas (Earth-90122),0,1,0,1,1
1493,Avengers (Earth-1189),0,0,1,0,1
1438,Odin Borson (Earth-8910),0,0,1,0,1
1492,Victor von Doom (Earth-1189),0,0,1,0,1
1627,Michael Tyson,0,0,1,0,1
1601,Arizona (Earth-90122),0,1,0,1,1
1491,Brian Braddock (Earth-1189),0,0,1,0,1
1489,Mikhail Gorbachev,0,0,1,0,1
1488,Red Cross,0,1,0,1,1
35,Hirohito,0,0,2,0,2
472,Azazel,0,0,1,0,1
1415,Barry Braddock (Earth-8910),0,0,1,0,1
749,Abraham,0,0,1,0,1
797,Brood Queen,0,1,0,1,1
796,Ogun (Ninja),0,2,0,2,2
297,Calvin Rankin,0,1,0,1,1
298,Kevin Sidney,0,1,0,1,1
789,Herbert Wyndham,0,0,4,0,4
780,Twelve (Mutants),0,1,3,1,4
779,Arabella Jones,0,1,0,1,1
777,Shaw Industries,0,1,5,1,6
767,Zhan Lee,0,0,1,0,1
766,Jingyi Lee,0,0,1,0,1
759,William Shakespeare,0,0,1,0,1
737,Abraham Lincoln,0,0,1,0,1
649,Shagreen (Earth-5311),0,0,1,0,1
736,Benjamin Franklin,0,0,1,0,1
349,Brotherhood of Evil Mutants (Earth-811),0,0,2,0,2
350,Robert Kelly (Earth-811),0,1,2,1,3
351,Fantastic Four (Earth-811),0,0,1,0,1
694,Yankee Clipper (Female),0,0,1,0,1
361,Herr Getmann's Traveling Menagerie,0,0,3,0,3
362,Margali Szardos,0,0,5,0,5
363,United States Coast Guard,0,0,1,0,1
369,Maeve Rourke,0,0,1,0,1
370,Alpha (Mutant),0,2,0,2,2
651,Satan (Unidentified),0,0,8,0,8
296,Lani Ubanu,0,1,0,1,1
295,Gor-Tok,0,1,1,1,2
294,Mutant Master,0,1,0,1,1
293,Thomas Regal,0,1,0,1,1
900,Xi'an Coy Manh's father,0,1,1,1,2
896,Jorro,0,0,1,0,1
253,Kathryn Worthington,0,0,1,0,1
263,Vladimir Lenin,0,0,2,0,2
885,Bruce Willis,0,0,1,0,1
877,Terminus (Destroyer),0,0,1,0,1
873,Imperial Japan,0,0,1,0,1
872,Abraham Erskine,0,0,1,0,1
871,Zheng Zu,0,0,1,0,1
861,Robert Locksley,0,0,2,0,2
282,Stranger (Cosmic Being),0,1,0,1,1
284,Sentinel Number 2,0,1,0,1,1
817,Elektra Natchios,0,0,1,0,1
816,Slaymaster,0,1,0,1,1
285,Lucifer (Quist),0,1,0,1,1
812,Emil Vachon,0,0,2,0,2
287,Juan Meroz,0,1,0,1,1
288,Super-Adaptoid,0,1,0,1,1
808,Resources Control Executive,0,0,1,0,1
289,Maha Yogi,0,1,0,1,1
290,Ralph Roberts,0,1,0,1,1
291,Romulus Augustulus,0,1,0,1,1
292,Harvey Elder,0,1,0,1,1
650,Jinjav Sabree (Earth-5311),0,0,1,0,1
646,Yahweh,0,0,11,0,11
1414,Excalibur (Earth-8910),0,0,1,0,1
508,Julius Caesar,0,0,4,0,4
555,Carol Danvers (Earth-811),0,0,1,0,1
554,United States Air Force (Earth-811),0,0,1,0,1
550,Set (Earth-8591),0,0,1,0,1
549,Sons of Set (Earth-8591),0,0,1,0,1
548,Thoth-Amon (Earth-8591),0,0,1,0,1
547,Black Ring (Earth-8591),0,0,1,0,1
546,Thanos (Earth-8591),0,0,1,0,1
545,Cyttorak (Earth-8591),0,0,1,0,1
544,Eros,0,1,0,1,1
541,X-Men (Earth-8591),0,0,1,0,1
509,Gaius Octavius,0,0,1,0,1
458,Shingen Harada,0,0,4,0,4
645,Charles Dickens,0,0,2,0,2
459,Nabatone Yokuse,0,1,0,1,1
499,Brandy Clark,0,1,0,1,1
495,Cody Robbins,0,0,1,0,1
493,Rom,0,1,2,1,3
491,Eric Blair,0,0,1,0,1
490,Samuel Prydeman,0,0,2,0,2
487,"Joseph Danvers, Jr.",0,1,0,1,1
486,Steven Danvers,0,2,0,2,2
484,Zsaji,0,2,3,2,5
481,SJ3RX,0,0,1,0,1
480,Godzilla,0,1,1,1,2
450,Herbert George Wells,0,0,2,0,2
563,International Criminal Police Organization,0,0,2,0,2
564,Neal Proudstar,0,0,1,0,1
565,Maria Proudstar,0,0,1,0,1
643,New York Mets,0,0,3,0,3
640,International Herald Tribune,0,0,1,0,1
639,Judas Iscariot,0,0,1,0,1
637,Moses,0,0,1,0,1
636,North Atlantic Treaty Organization,0,0,2,0,2
388,Air Force,0,0,2,0,2
630,United Nations Security Council,0,0,1,0,1
626,Geheime Staatspolizei,0,0,4,0,4
624,United States Government,0,0,2,0,2
623,Chava Prydeman,0,0,1,0,1
619,Simon Goldberg,0,0,1,0,1
617,United States Congress (Earth-811),0,0,1,0,1
616,Phoenix Force (Earth-811),0,0,1,0,1
398,National Aeronautics and Space Administration,0,0,1,0,1
595,King Kong,0,0,1,0,1
590,Roy Craig,0,0,1,0,1
589,Aelfyre Whitemane,0,0,1,0,1
419,Adolf Hitler,0,0,7,0,7
420,Waffen-SS,0,0,1,0,1
425,John Jonah Jameson,0,0,1,0,1
575,Bob Edwards,0,2,0,2,2
431,Mar-Vell,0,0,1,0,1
568,Bartholomew Jones,0,0,1,0,1
901,Xi'an Coy Manh's mother,0,1,1,1,2
904,Tran Coy Manh,0,1,3,1,4
905,Black Eagle,0,0,12,0,12
1072,Jack Power (Earth-87050),0,0,1,0,1
1152,Anjezë Gonxhe Bojaxhiu,0,0,1,0,1
1151,Robert Baldwin,0,0,1,0,1
1140,Utgard-Loki,0,0,2,0,2
1125,Surtur,0,0,1,0,1
1120,Ulik,0,0,1,0,1
1110,Annihilus,0,0,2,0,2
1105,Cyttorak,0,0,1,0,1
209,Jeryn Hogarth,0,0,1,0,1
1079,Gaius Lucullus Umber,0,0,1,0,1
1077,Sir Lancelot,0,0,1,0,1
1073,Franklin Richards (Earth-87050),0,0,1,0,1
1071,Alexander Power (Earth-87050),0,0,1,0,1
906,Black Eagle,0,1,11,1,12
1070,Warlock (Earth-87050),0,0,1,0,1
1069,Hellfire Club (Earth-87050),0,0,1,0,1
1065,Julie Power (Earth-87050),0,0,1,0,1
1064,Samuel Guthrie (Earth-87050),0,0,1,0,1
1063,Danielle Moonstar (Earth-87050),0,1,0,1,1
1062,New Mutants (Earth-87050),0,0,1,0,1
1060,James Howlett (Earth-87050),0,1,0,1,1
1059,Ororo Munroe (Earth-87050),0,1,0,1,1
1058,Kurt Wagner (Earth-87050),0,1,0,1,1
1057,Rogue (Anna Marie) (Earth-87050),0,1,0,1,1
1056,Charles Xavier (Earth-87050),0,0,1,0,1
1153,Knights of the Round Table,0,0,1,0,1
1154,Lucifer,0,0,1,0,1
1155,Louis Richter,0,0,3,0,3
1168,Saburo Yoshida,0,0,1,0,1
40,Ebenezer Laughton,0,2,0,2,2
1400,Bryon Bradek (Earth-1193),0,0,3,0,3
41,Leopold Stryke,0,2,0,2,2
42,Samuel Smithers,0,2,0,2,2
43,Alexander Gentry,0,2,0,2,2
46,Krakoa,0,2,3,2,5
54,Bolivar Trask,0,0,2,0,2
55,Lawrence Trask,0,0,4,0,4
1381,Michael Scott,0,0,1,0,1
1375,Sherlock Holmes,0,0,1,0,1
1374,Elizabeth Windsor II,0,0,1,0,1
1373,Jacqueline Falsworth,0,0,1,0,1
1359,Adolf Hitler (Earth-597),0,0,2,0,2
1358,National Socialist German Workers Party (Earth-597),0,1,2,1,3
1328,Sun Tzu,0,0,1,0,1
1327,Elvis Presley,0,0,1,0,1
105,Liam Cassidy,0,0,1,0,1
1250,Zalph,0,0,1,0,1
116,Gunther Bain,0,0,2,0,2
128,Heralds of Galactus,0,0,2,0,2
1175,Roxxon Energy Corporation,0,0,1,0,1
1174,Taylor Foundation,0,0,1,0,1
1169,Tyler Smithson,0,0,1,0,1
1055,X-Men (Earth-87050),0,0,1,0,1
1048,Death (Earth-8720),0,0,1,0,1
1043,Federal Bureau of Investigation (Earth-8720),0,0,1,0,1
966,Nazgul,0,0,1,0,1
964,Michael Silk,0,0,1,0,1
960,Alexander Flynn,0,2,2,2,4
958,George Armstrong Custer,0,0,2,0,2
955,Kurt Marko,0,0,1,0,1
954,Simon Marshall,0,1,1,1,2
952,Athena Parthenos,0,0,1,0,1
951,New York State Police,0,0,2,0,2
229,Nikolai Rasputin,0,0,4,0,4
231,Magda Eisenhardt,0,1,2,1,3
945,Marada Starhair,0,0,1,0,1
944,Remus,0,0,2,0,2
943,Romulus,0,0,2,0,2
941,Hovitos,0,0,1,0,1
940,Jivaro Headhunters,0,0,1,0,1
939,Conan,0,0,1,0,1
929,Thomas Zebulon Guthrie,0,0,9,0,9
928,Juliana Sandoval,0,2,3,2,5
924,Roberto Da Costa's sister,0,0,1,0,1
237,Royal Marines,0,0,1,0,1
915,Peter Bristow's mother,0,1,0,1,1
914,Peter Bristow's father,0,1,0,1,1
246,Jean Grey (Lady Grey),0,5,0,5,5
247,Kiss,0,0,1,0,1
965,Lorne Lincoln,0,0,1,0,1
969,Carter Blaire,0,0,1,0,1
1029,Yahweh (Earth-8720),0,0,1,0,1
970,Cain,0,0,1,0,1
1028,Stephen Lang (Earth-8720),0,0,1,0,1
1027,Project Armageddon (Earth-8720),0,0,1,0,1
1026,Lawrence Trask (Earth-8720),0,0,1,0,1
1023,Katherine Pryde (Earth-8720),0,1,0,1,1
1022,Ororo Munroe (Earth-8720),0,1,0,1,1
1020,Xi'an Coy Manh (Earth-8720),0,1,0,1,1
1019,Rahne Sinclair (Earth-8720),0,1,0,1,1
1018,Roberto Da Costa (Earth-8720),0,1,0,1,1
1013,New Mutants (Earth-8720),0,1,2,1,3
1010,Confederate States Army,0,0,1,0,1
1008,Wolfgang Amadeus Mozart,0,0,1,0,1
1003,Charasulla,0,1,0,1,1
1002,Gitche Manitou ,0,0,1,0,1
1001,Colorado State Patrol,0,0,1,0,1
999,Mantis (Brandt),0,0,1,0,1
998,Jacques Duquesne,0,0,1,0,1
216,Ahmet Abdol,0,1,1,1,2
988,United States Cavalry,0,0,1,0,1
987,Arthur Clarke,0,0,1,0,1
986,Connecticut State Police,0,0,1,0,1
221,Priscilla Ironwood,0,0,1,0,1
983,Katherine Pryde (Earth-8280),0,1,1,1,2
982,X-Men (Earth-8280),0,0,2,0,2
1061,Max Eisenhardt (Earth-87050),0,1,0,1,1
