,character name,0,1,2,3,4,5,6,7,8,9,10,11,12,13,14,15,16,17,18,19,20,21,22,23,24,25,26,27,28,29,30,31,32,33,34,35,36,37,38,39,40,41,42,43,44,45,46,47,48,49,50,51,52,53,54,55,56,57,58,59,60,61,62,63,64,65,66,67,68,69,70,71,72,73,74,75,76,77,78,79,80,81,82,83,84,85,86,87,88,89,90,91,92,93,94,95,96,97,98,99,100,101,102,103,104,105,106,107,108,109,110,111,112,113,114,115,116,117,118,119,120,121,122,123,124,125,126,127,128,129,130,131,132,133,134,135,136,137,138,139,140,141,142,143,144,145,146,147,148,149,150,151,152,153,154,155,156,157,158,159,160,161,162,163,164,165,166,167,168,169,170,171,172,173,174,175,176,177,178,179,180,181,182,183,184,185,186,187,188,189,190,191,192,193,194,195,196,197,198,199,200,201,202,203,204,205,206,207,208,209,210,211,212,213,214,215,216,217,218,219,220,221,222,223,224,225,226,227,228,229,230,231,232,233,234,235
0,X-Men,19652,19652,19572,19572,15524,10812,11720,6732,16328,17448,4516,4496,4496,4476,3968,9632,9632,9532,9532,544,6552,2472,3764,444,3368,4980,700,4104,1540,1100,500,740,300,2464,3708,3608,3608,3508,1260,1120,3424,1120,1520,1520,1820,1540,1020,2300,1540,1540,920,1140,720,800,320,1120,800,920,900,1480,440,524,3500,220,7852,1020,2244,944,1220,4676,440,1304,700,700,700,820,1300,1160,1600,740,2604,720,1820,1820,1120,1020,940,540,1300,400,640,2364,920,720,8432,360,704,1960,3284,3084,3084,2904,2004,2984,3784,1960,1044,2160,204,520,300,620,1040,420,1080,200,1124,3448,900,1228,820,300,1500,100,200,100,100,740,720,664,1960,1960,1960,1960,1960,1960,1960,1960,1960,1960,1960,1960,1960,1960,1960,1960,320,800,1340,720,720,1200,1020,620,2260,6328,800,500,820,720,800,600,600,1400,800,700,500,500,228,500,1120,400,500,1104,1000,320,800,500,900,24,340,260,2600,220,220,220,200,440,440,400,220,1300,600,700,0,0,1920,1100,1000,400,0,0,0,0,0,0,0,100,0,0,0,0,0,0,0,100,0,0,100,100,0,4,4,20,0,0,0,0,0,100,400,20,20,0,0,0
1,X-Men,19652,19656,19572,19576,15528,10812,11720,6732,16332,17452,4516,4496,4496,4476,3968,9632,9632,9532,9532,544,6552,2472,3764,444,3368,4980,700,4104,1540,1100,500,740,300,2464,3708,3608,3608,3508,1260,1120,3424,1120,1520,1520,1820,1540,1020,2300,1540,1540,920,1140,720,800,320,1120,800,920,900,1480,440,524,3500,220,7852,1020,2244,944,1220,4676,440,1304,700,700,700,820,1300,1160,1600,740,2604,720,1820,1820,1120,1020,940,540,1300,400,640,2364,920,720,8436,360,704,1960,3304,3104,3104,2904,2004,2984,3784,1980,1044,2160,204,540,300,620,1040,420,1080,200,1124,3448,900,1228,820,300,1500,100,220,100,100,740,720,684,1980,1980,1980,1980,1980,1980,1980,1980,1980,1980,1980,1980,1980,1980,1980,1980,320,800,1340,720,720,1200,1020,620,2260,6328,800,500,820,720,800,600,600,1400,800,700,500,500,228,500,1120,400,500,1104,1000,320,800,500,900,24,340,260,2600,220,220,220,200,440,440,400,220,1300,600,700,0,20,1920,1120,1000,400,0,0,0,0,0,0,20,120,0,0,20,20,20,20,0,120,0,0,120,120,0,4,4,20,0,0,0,0,0,100,400,20,20,0,0,0
2,X-Men,19572,19572,19556,19556,15508,10796,11704,6732,16328,17368,4500,4480,4480,4460,3952,9552,9552,9452,9452,544,6552,2456,3764,444,3352,4980,700,4024,1540,1100,500,740,300,2384,3708,3608,3608,3508,1260,1120,3344,1120,1520,1520,1740,1460,940,2220,1460,1460,920,1140,720,800,320,1120,800,920,900,1480,440,524,3420,220,7852,940,2164,944,1220,4676,440,1224,700,700,700,820,1300,1160,1600,740,2604,720,1820,1820,1120,1020,940,540,1300,400,640,2284,920,640,8416,360,624,1960,3204,3004,3004,2824,1924,2904,3784,1944,1028,2144,204,520,300,620,1040,420,1000,200,1044,3448,900,1148,820,300,1420,100,200,100,100,740,720,664,1944,1944,1944,1944,1944,1944,1944,1944,1944,1944,1944,1944,1944,1944,1944,1944,320,800,1324,720,720,1200,1020,620,2244,6328,800,500,820,720,800,600,600,1400,800,700,500,500,228,500,1040,400,500,1104,1000,320,800,500,900,24,340,260,2600,220,220,220,200,440,440,400,220,1300,600,700,0,0,1920,1100,1000,400,0,0,0,0,0,0,0,100,0,0,0,0,0,0,0,100,0,0,100,100,0,4,4,20,0,0,0,0,0,100,400,20,20,0,0,0
3,X-Men,19572,19576,19556,19560,15512,10796,11704,6732,16332,17372,4500,4480,4480,4460,3952,9552,9552,9452,9452,544,6552,2456,3764,444,3352,4980,700,4024,1540,1100,500,740,300,2384,3708,3608,3608,3508,1260,1120,3344,1120,1520,1520,1740,1460,940,2220,1460,1460,920,1140,720,800,320,1120,800,920,900,1480,440,524,3420,220,7852,940,2164,944,1220,4676,440,1224,700,700,700,820,1300,1160,1600,740,2604,720,1820,1820,1120,1020,940,540,1300,400,640,2284,920,640,8420,360,624,1960,3224,3024,3024,2824,1924,2904,3784,1964,1028,2144,204,540,300,620,1040,420,1000,200,1044,3448,900,1148,820,300,1420,100,220,100,100,740,720,684,1964,1964,1964,1964,1964,1964,1964,1964,1964,1964,1964,1964,1964,1964,1964,1964,320,800,1324,720,720,1200,1020,620,2244,6328,800,500,820,720,800,600,600,1400,800,700,500,500,228,500,1040,400,500,1104,1000,320,800,500,900,24,340,260,2600,220,220,220,200,440,440,400,220,1300,600,700,0,20,1920,1120,1000,400,0,0,0,0,0,0,20,120,0,0,20,20,20,20,0,120,0,0,120,120,0,4,4,20,0,0,0,0,0,100,400,20,20,0,0,0
4,Piotr Rasputin,15524,15528,15508,15512,16188,9984,11656,5416,13884,14924,3716,3696,3696,3676,3352,8756,8752,8656,8652,540,5468,1852,3060,444,2736,4404,700,3804,1440,1100,204,720,100,2384,3608,3508,3508,3408,1060,1120,2604,1120,1520,1520,1740,1460,940,2220,1460,1460,720,940,520,800,320,1000,800,920,900,1480,440,484,2944,220,7124,940,2164,944,1040,3596,420,1224,600,600,600,820,1300,1180,1320,740,2184,620,1660,1660,960,1040,960,240,1300,400,640,2208,620,640,6848,500,364,1920,1648,1548,1548,1428,1528,1428,3308,1704,928,1884,200,740,300,320,860,140,664,200,1044,1888,500,552,820,300,808,100,220,100,100,240,640,704,1204,1204,1204,1204,1188,1188,1188,1188,1204,1204,1204,1204,1188,1188,1188,1188,240,520,868,328,508,720,628,408,1444,3992,420,300,444,604,540,440,440,1360,620,600,400,300,228,300,220,900,500,504,400,800,300,600,500,60,340,340,1020,240,240,120,100,240,240,380,220,820,500,600,220,20,720,220,100,300,0,0,0,0,100,100,120,220,0,0,20,20,20,20,0,120,0,0,120,120,0,0,0,0,0,0,0,0,0,100,380,20,20,0,0,0
5,Scott Summers,10812,10812,10796,10796,9984,17048,8636,4024,10336,10556,10024,10020,10004,10000,9232,6812,6792,6812,6792,520,5364,8532,2680,640,9216,3464,700,3600,880,1100,304,620,200,1200,3644,3644,3544,3544,760,1120,2120,1020,1640,1640,1540,1260,940,2020,1260,1260,620,840,420,800,320,1140,800,920,900,1580,424,440,1500,200,4448,640,1080,660,460,1264,780,320,200,200,200,420,1140,1200,700,220,780,540,1740,1740,1040,1160,980,300,900,300,2300,1564,620,740,2836,60,224,1060,1340,1440,1440,1440,540,1340,3028,1164,324,444,1020,620,300,300,720,200,224,2000,160,1544,100,124,120,100,764,0,100,0,0,200,1040,640,3792,3792,3792,3792,3712,3712,3712,3712,3872,3872,3872,3872,3792,3792,3792,3792,320,120,724,320,440,420,520,220,7924,1964,0,0,620,420,600,400,400,260,20,0,0,0,1040,2500,3440,100,100,500,500,100,500,620,400,2580,4420,4420,1020,600,500,20,0,20,120,320,220,920,300,500,1200,100,1200,2800,2400,100,0,0,0,0,0,2600,2800,3100,0,0,0,100,0,0,0,100,0,0,100,100,700,1120,1120,1100,700,700,700,700,700,900,320,0,0,0,0,0
6,Kurt Wagner,11720,11720,11704,11704,11656,8636,15348,2660,10496,11572,2372,2352,2352,2332,2432,7888,7888,7888,7888,560,4684,1052,1980,444,1812,3700,700,3700,1460,1100,100,720,0,2000,3320,3320,3220,3220,924,1120,2064,720,1020,1020,1620,1340,940,2100,1340,1340,620,840,420,800,320,940,800,1020,1000,1580,540,4004,2484,1200,9636,840,1780,960,520,628,420,840,200,200,200,620,1100,860,1000,2804,5608,620,1020,1020,620,720,640,240,1100,100,640,1560,520,640,3556,340,324,4200,1148,1048,1048,948,1048,948,1400,1384,928,1504,200,520,300,420,540,220,688,100,860,524,200,532,520,200,548,100,200,100,100,20,320,344,444,444,444,444,444,444,444,444,444,444,444,444,444,444,444,444,320,0,264,224,204,120,224,204,424,604,240,120,40,4,120,20,120,20,0,0,0,0,20,0,120,20,20,0,20,20,20,120,20,0,120,120,0,20,20,1804,700,20,20,3904,2204,100,0,100,0,0,120,100,0,200,0,0,0,0,0,0,0,100,0,0,0,0,0,0,0,100,0,0,100,100,0,0,0,0,0,0,0,0,0,0,3904,800,1000,1200,0,0
7,Alexander Summers,6732,6732,6732,6732,5416,4024,2660,6936,5984,6532,2212,2212,2212,2212,1880,1724,1724,1724,1724,208,2368,1628,3116,120,1588,1648,400,1184,340,200,4,224,0,508,1384,1284,1384,1284,544,500,544,720,840,840,500,420,420,832,320,320,104,124,204,100,24,280,300,504,500,624,4,144,620,120,1520,200,308,108,524,3408,104,304,300,300,300,220,400,524,600,20,140,200,720,720,520,500,420,0,420,0,0,848,120,120,3512,120,0,520,1100,1100,1100,1200,200,1000,2568,120,0,200,0,100,120,0,320,0,8,100,104,1460,700,0,200,100,720,0,100,0,0,220,500,344,1640,1640,1640,1640,1640,1640,1640,1640,1720,1720,1720,1720,1720,1720,1720,1720,0,420,900,400,500,900,700,400,1600,4148,0,0,620,700,600,400,400,1340,520,500,300,300,200,400,1000,500,600,1204,1100,420,800,500,1000,20,300,220,920,320,320,0,0,120,120,140,100,820,100,300,0,0,1000,1100,900,100,0,0,0,0,0,100,100,100,0,0,0,0,0,0,0,100,0,0,100,100,0,0,0,0,0,0,0,0,0,100,140,20,20,0,0,0
8,James Howlett,16328,16332,16328,16332,13884,10336,10496,5984,16860,15448,4252,4232,4232,4212,3644,8048,8048,7948,7948,724,6148,2444,3480,440,3244,4600,700,3680,1140,1100,500,720,300,1700,3708,3608,3608,3508,1060,1120,2660,1120,1620,1620,1720,1440,920,2100,1440,1440,920,1140,720,800,320,1200,800,720,700,1440,440,480,2300,200,6636,740,1460,940,1060,3904,320,720,720,720,720,740,1220,960,1220,620,1880,420,1460,1460,840,820,740,420,1000,400,500,1980,920,620,6948,340,224,1680,1820,1720,1720,1700,900,1500,3460,1420,700,1720,0,520,300,320,660,140,552,200,560,2868,800,224,620,200,964,100,220,100,100,724,620,664,1940,1940,1940,1940,1940,1940,1940,1940,1940,1940,1940,1940,1940,1940,1940,1940,220,740,1220,640,720,1120,940,620,2020,5668,500,200,740,720,800,600,600,1200,640,540,420,420,224,400,800,500,300,900,900,420,600,600,900,20,120,120,2340,80,80,220,200,460,460,360,220,1100,700,700,0,220,1620,1020,900,100,0,0,0,0,0,0,20,120,0,0,20,120,20,220,0,120,0,0,120,120,0,0,0,0,0,0,0,0,0,0,360,0,0,0,0,0
9,Ororo Munroe,17448,17452,17368,17372,14924,10556,11572,6532,15448,18460,4156,4136,4136,4116,3788,9060,9056,8960,8956,544,6372,2292,3464,460,3172,4504,700,4080,1540,1100,424,720,300,2260,3676,3576,3576,3476,1060,1120,2924,1020,1440,1440,1820,1540,1020,2300,1540,1540,920,1140,720,800,320,984,800,920,900,1480,440,504,3320,200,7156,1020,1940,940,1060,4088,420,1100,620,620,620,820,1200,1180,1420,720,2220,720,1940,1940,1340,1040,960,380,1100,300,720,2292,920,720,7648,660,724,1980,2620,2420,2420,2400,1600,2300,3768,1780,960,2240,200,540,300,540,1160,340,1052,100,920,3180,900,944,900,300,1464,100,220,100,100,840,740,604,1904,1904,1904,1904,1888,1888,1888,1888,1904,1904,1904,1904,1888,1888,1888,1888,220,640,1340,720,720,1200,1020,620,2080,5584,700,500,804,720,800,700,600,1264,640,620,420,420,220,520,1000,500,600,1104,1000,420,700,500,900,44,340,260,1840,500,500,220,200,720,620,380,220,1220,600,800,20,20,1800,1040,900,200,0,0,0,0,0,0,40,140,0,0,20,20,20,20,0,120,0,0,120,120,0,0,0,0,0,0,0,0,0,100,380,0,0,0,0,0
10,Jean Grey,4516,4516,4500,4500,3716,10024,2372,2212,4252,4156,10880,10876,10876,10872,8424,2328,2308,2328,2308,108,2996,7976,1352,320,8416,1288,100,700,104,600,340,204,200,744,1676,1576,1576,1476,244,24,788,500,864,864,40,40,40,44,40,40,104,204,104,400,104,324,0,24,20,712,208,380,364,220,708,240,644,424,524,1084,664,220,220,220,220,300,920,808,240,100,400,124,1124,1124,524,804,604,0,60,200,2020,184,100,140,1632,40,64,340,1380,1480,1480,1480,380,1380,1880,1124,24,324,940,620,20,0,604,0,64,2000,140,2104,0,44,20,100,880,0,100,0,0,300,804,404,3992,3992,3992,3992,3912,3912,3912,3912,4072,4072,4072,4072,3992,3992,3992,3992,340,320,824,320,540,520,520,320,8224,2164,100,0,624,520,500,300,300,264,220,120,120,20,1140,2600,3540,300,500,800,600,300,700,740,600,2480,4520,4440,1220,600,500,20,20,20,120,360,220,1600,400,600,1300,100,1400,3000,2600,100,0,0,0,0,0,2600,2800,3100,0,0,0,100,0,0,0,100,0,0,100,100,700,1120,1120,1100,600,600,600,600,600,900,360,20,0,0,0,0
11,Jean Grey,4496,4496,4480,4480,3696,10020,2352,2212,4232,4136,10876,10876,10872,10872,8420,2328,2308,2328,2308,108,2996,7972,1352,320,8412,1288,100,700,104,600,340,204,200,744,1676,1576,1576,1476,224,24,788,500,864,864,40,40,40,44,40,40,104,204,104,400,104,324,0,24,20,712,204,380,344,220,688,240,644,424,524,1084,664,220,220,220,220,300,900,808,240,100,380,124,1124,1124,524,804,604,0,60,200,2020,184,100,140,1612,40,64,340,1380,1480,1480,1480,380,1380,1880,1124,24,324,940,620,20,0,604,0,64,2000,140,2104,0,44,0,100,880,0,100,0,0,300,804,404,3992,3992,3992,3992,3912,3912,3912,3912,4072,4072,4072,4072,3992,3992,3992,3992,340,320,824,320,540,520,520,320,8224,2164,100,0,624,520,500,300,300,264,220,120,120,20,1140,2600,3540,300,500,800,600,300,700,740,600,2480,4520,4440,1220,600,500,20,20,20,120,360,220,1600,400,600,1300,100,1400,3000,2600,100,0,0,0,0,0,2600,2800,3100,0,0,0,100,0,0,0,100,0,0,100,100,700,1120,1120,1100,600,600,600,600,600,900,360,20,0,0,0,0
12,Jean Grey,4496,4496,4480,4480,3696,10004,2352,2212,4232,4136,10876,10872,10876,10872,8420,2308,2288,2308,2288,108,2976,7972,1352,320,8412,1268,100,700,104,600,340,204,200,744,1676,1576,1576,1476,244,4,788,500,844,844,40,40,40,44,40,40,104,204,104,400,104,324,0,24,20,712,208,380,364,220,708,240,644,424,524,1084,664,220,220,220,220,300,920,808,240,100,400,124,1124,1124,524,804,604,0,60,200,2020,184,100,140,1632,40,64,340,1380,1480,1480,1480,380,1380,1880,1124,24,324,940,620,20,0,604,0,64,2000,140,2104,0,44,20,100,880,0,100,0,0,300,804,404,3992,3992,3992,3992,3912,3912,3912,3912,4072,4072,4072,4072,3992,3992,3992,3992,340,320,824,320,540,520,520,320,8224,2164,100,0,624,520,500,300,300,264,220,120,120,20,1140,2600,3540,300,500,800,600,300,700,740,600,2480,4520,4440,1220,600,500,20,20,20,120,360,220,1600,400,600,1300,100,1400,3000,2600,100,0,0,0,0,0,2600,2800,3100,0,0,0,100,0,0,0,100,0,0,100,100,700,1120,1120,1100,600,600,600,600,600,900,360,20,0,0,0,0
13,Jean Grey,4476,4476,4460,4460,3676,10000,2332,2212,4212,4116,10872,10872,10872,10872,8416,2308,2288,2308,2288,108,2976,7968,1352,320,8408,1268,100,700,104,600,340,204,200,744,1676,1576,1576,1476,224,4,788,500,844,844,40,40,40,44,40,40,104,204,104,400,104,324,0,24,20,712,204,380,344,220,688,240,644,424,524,1084,664,220,220,220,220,300,900,808,240,100,380,124,1124,1124,524,804,604,0,60,200,2020,184,100,140,1612,40,64,340,1380,1480,1480,1480,380,1380,1880,1124,24,324,940,620,20,0,604,0,64,2000,140,2104,0,44,0,100,880,0,100,0,0,300,804,404,3992,3992,3992,3992,3912,3912,3912,3912,4072,4072,4072,4072,3992,3992,3992,3992,340,320,824,320,540,520,520,320,8224,2164,100,0,624,520,500,300,300,264,220,120,120,20,1140,2600,3540,300,500,800,600,300,700,740,600,2480,4520,4440,1220,600,500,20,20,20,120,360,220,1600,400,600,1300,100,1400,3000,2600,100,0,0,0,0,0,2600,2800,3100,0,0,0,100,0,0,0,100,0,0,100,100,700,1120,1120,1100,600,600,600,600,600,900,360,20,0,0,0,0
14,Warren Worthington III,3968,3968,3952,3952,3352,9232,2432,1880,3644,3788,8424,8420,8420,8416,9836,2524,2504,2524,2504,120,2084,8048,1080,220,8088,1220,0,580,220,220,100,20,100,560,1104,1104,1104,1104,160,24,824,420,940,940,40,40,40,60,40,40,120,224,140,320,20,240,0,320,300,484,124,120,380,100,1384,240,760,340,220,724,880,320,100,100,100,404,720,1124,600,200,320,424,1420,1420,800,1000,804,120,620,300,2320,40,4,120,1148,40,24,300,1040,1140,1140,1140,140,1040,1580,1124,224,324,1120,620,0,20,420,20,24,1900,140,1500,0,24,20,100,560,0,100,0,0,100,800,400,3484,3484,3484,3484,3404,3404,3404,3404,3564,3564,3564,3564,3484,3484,3484,3484,120,100,604,300,420,300,400,200,7424,1404,0,0,600,300,400,200,300,120,0,0,0,0,1040,2200,3340,100,200,600,600,100,600,400,400,2580,4220,4220,900,500,400,0,0,20,120,100,100,1100,300,400,1200,100,1200,2600,2300,100,0,0,0,0,0,2400,2500,2800,0,0,0,100,0,0,0,100,0,0,100,100,700,1120,1120,1100,700,700,700,700,700,900,100,0,0,0,0,0
15,Charles Xavier,9632,9632,9552,9552,8756,6812,7888,1724,8048,9060,2328,2328,2308,2308,2524,11176,11172,11076,11072,340,3764,1224,1700,360,1808,3704,700,4400,1140,1000,204,420,100,1684,2604,2504,2504,2404,424,720,2284,1000,960,960,1900,1720,1120,2200,1620,1620,820,1040,620,800,140,504,200,420,400,1080,120,220,2660,100,4704,960,1740,540,440,504,260,700,300,300,300,520,700,600,1740,600,1440,660,1040,1040,540,460,460,540,1424,420,600,1464,620,820,3008,320,1128,1200,2920,2540,2540,2700,2700,2520,1136,960,540,720,204,320,400,420,540,600,1324,100,560,1324,100,1204,200,220,920,140,144,340,124,340,40,40,484,484,484,484,468,468,468,468,484,484,484,484,468,468,468,468,180,220,140,0,100,120,100,100,740,844,460,460,20,120,0,0,0,20,120,100,100,100,224,20,140,0,0,0,0,0,0,100,0,228,280,280,920,0,0,300,200,320,320,200,200,320,700,420,20,0,800,140,100,400,24,24,24,0,0,20,20,40,0,0,0,20,0,20,0,20,4,0,20,20,20,104,104,120,100,100,100,100,100,0,200,0,0,0,0,0
16,Charles Xavier,9632,9632,9552,9552,8752,6792,7888,1724,8048,9056,2308,2308,2288,2288,2504,11172,11172,11072,11072,340,3764,1204,1700,360,1788,3704,700,4400,1140,1000,204,420,100,1684,2604,2504,2504,2404,424,720,2284,1000,960,960,1900,1720,1120,2200,1620,1620,820,1040,620,800,140,504,200,420,400,1080,120,220,2660,100,4704,960,1740,540,440,504,260,700,300,300,300,520,700,600,1740,600,1440,660,1040,1040,540,460,460,540,1424,420,600,1464,620,820,3008,320,1128,1200,2920,2540,2540,2700,2700,2520,1136,960,540,720,204,320,400,420,540,600,1324,100,560,1324,100,1204,200,220,920,140,144,340,124,340,40,40,464,464,464,464,464,464,464,464,464,464,464,464,464,464,464,464,180,220,140,0,100,120,100,100,720,844,460,460,20,120,0,0,0,20,120,100,100,100,224,20,140,0,0,0,0,0,0,100,0,208,260,260,920,0,0,300,200,320,320,200,200,320,700,420,0,0,800,140,100,400,24,24,24,0,0,20,20,40,0,0,0,20,0,20,0,20,4,0,20,20,20,104,104,120,100,100,100,100,100,0,200,0,0,0,0,0
17,Charles Xavier,9532,9532,9452,9452,8656,6812,7888,1724,7948,8960,2328,2328,2308,2308,2524,11076,11072,11076,11072,340,3764,1224,1700,360,1808,3704,700,4300,1140,1000,204,420,100,1684,2604,2504,2504,2404,424,720,2184,1000,960,960,1800,1620,1120,2100,1520,1520,820,1040,620,800,140,504,200,420,400,1080,120,220,2660,100,4604,960,1740,540,440,504,260,700,300,300,300,520,700,600,1740,600,1340,660,1040,1040,540,460,460,540,1424,420,600,1444,620,820,2908,320,1128,1200,2920,2540,2540,2700,2700,2520,1136,960,540,720,204,320,400,420,540,600,1324,100,560,1324,100,1204,200,220,920,140,144,340,124,340,40,40,484,484,484,484,468,468,468,468,484,484,484,484,468,468,468,468,180,220,140,0,100,120,100,100,740,844,460,460,20,120,0,0,0,20,120,100,100,100,224,20,140,0,0,0,0,0,0,100,0,228,280,280,920,0,0,300,200,320,320,200,200,320,700,420,20,0,800,140,100,400,24,24,24,0,0,20,20,40,0,0,0,20,0,20,0,20,4,0,20,20,20,104,104,120,100,100,100,100,100,0,200,0,0,0,0,0
18,Charles Xavier,9532,9532,9452,9452,8652,6792,7888,1724,7948,8956,2308,2308,2288,2288,2504,11072,11072,11072,11072,340,3764,1204,1700,360,1788,3704,700,4300,1140,1000,204,420,100,1684,2604,2504,2504,2404,424,720,2184,1000,960,960,1800,1620,1120,2100,1520,1520,820,1040,620,800,140,504,200,420,400,1080,120,220,2660,100,4604,960,1740,540,440,504,260,700,300,300,300,520,700,600,1740,600,1340,660,1040,1040,540,460,460,540,1424,420,600,1444,620,820,2908,320,1128,1200,2920,2540,2540,2700,2700,2520,1136,960,540,720,204,320,400,420,540,600,1324,100,560,1324,100,1204,200,220,920,140,144,340,124,340,40,40,464,464,464,464,464,464,464,464,464,464,464,464,464,464,464,464,180,220,140,0,100,120,100,100,720,844,460,460,20,120,0,0,0,20,120,100,100,100,224,20,140,0,0,0,0,0,0,100,0,208,260,260,920,0,0,300,200,320,320,200,200,320,700,420,0,0,800,140,100,400,24,24,24,0,0,20,20,40,0,0,0,20,0,20,0,20,4,0,20,20,20,104,104,120,100,100,100,100,100,0,200,0,0,0,0,0
19,Shiro Yoshida,544,544,544,544,540,520,560,208,724,544,108,108,108,108,120,340,340,340,340,712,408,124,208,20,40,104,0,120,0,0,0,4,0,4,104,104,104,104,4,300,4,100,20,20,0,0,0,0,0,0,4,4,4,0,4,400,300,4,0,4,4,20,0,0,20,0,4,4,4,0,4,0,0,0,0,100,0,4,0,0,40,0,20,20,0,0,0,0,0,0,0,0,0,0,120,0,0,100,200,200,200,200,0,200,100,0,0,0,0,0,0,20,20,20,0,0,20,20,0,0,0,0,200,0,0,0,0,0,0,0,200,200,200,200,200,200,200,200,200,200,200,200,200,200,200,200,0,0,0,0,0,0,0,0,0,0,0,0,0,0,0,0,0,0,0,0,0,0,0,0,0,0,0,0,0,0,0,0,0,0,0,0,0,0,0,0,0,0,0,20,0,0,0,0,0,200,0,200,200,0,0,0,0,0,0,0,0,0,0,0,0,100,0,200,0,0,0,0,0,0,0,0,0,0,0,0,0,0,0,0,20,0,0,0,0,0
20,Sean Cassidy,6552,6552,6552,6552,5468,5364,4684,2368,6148,6372,2996,2996,2976,2976,2084,3764,3764,3764,3764,408,7720,1668,2208,240,2348,3548,300,1644,724,700,360,704,400,444,2412,2412,2412,2412,704,1020,1384,1020,640,640,520,504,404,524,404,404,604,604,404,300,324,500,700,604,600,524,304,160,460,0,560,200,324,324,604,404,224,0,500,500,500,200,100,104,700,0,140,0,400,400,200,100,100,0,500,400,100,64,400,4,944,20,204,240,1260,1260,1260,1140,440,1060,140,800,300,1000,0,420,0,0,500,0,324,0,20,2800,0,104,100,100,640,100,200,200,100,720,200,0,1000,1000,1000,1000,1000,1000,1000,1000,1000,1000,1000,1000,1000,1000,1000,1000,20,500,20,0,0,0,0,0,1520,1904,600,500,0,0,0,100,0,20,500,400,400,300,120,300,800,400,600,800,600,400,600,0,600,0,420,340,1600,0,0,200,300,420,420,40,0,2100,900,700,300,0,1500,900,900,100,0,0,0,0,0,0,0,100,0,0,0,0,0,0,100,100,0,100,100,100,0,0,0,0,0,0,0,0,0,100,40,0,0,0,100,100
21,Robert Drake,2472,2472,2456,2456,1852,8532,1052,1628,2444,2292,7976,7972,7972,7968,8048,1224,1204,1224,1204,124,1668,8540,1028,320,8056,680,0,260,120,0,100,20,100,160,584,584,584,584,160,24,724,400,840,840,40,40,40,44,40,40,20,20,20,0,120,240,0,320,300,224,24,140,380,100,484,120,260,40,20,504,580,120,0,0,0,0,620,824,200,0,160,104,1104,1104,504,804,604,20,340,200,2020,40,0,140,948,20,44,200,1060,1160,1160,1160,260,1060,1400,824,24,24,920,320,0,20,324,20,44,2000,140,1300,0,44,20,100,580,0,100,0,0,100,804,404,3384,3384,3384,3384,3304,3304,3304,3304,3464,3464,3464,3464,3384,3384,3384,3384,240,100,604,300,420,300,400,200,7524,1304,0,0,600,300,400,200,300,20,0,0,0,0,940,2100,3140,100,100,500,500,100,500,400,400,2480,4320,4320,900,500,400,0,0,20,120,120,100,900,300,400,1200,100,1100,2700,2400,100,0,0,0,0,0,2500,2700,3000,0,0,0,100,0,0,0,100,0,0,100,100,700,1120,1120,1100,700,700,700,700,700,1000,120,0,0,0,0,0
22,Lorna Dane,3764,3764,3764,3764,3060,2680,1980,3116,3480,3464,1352,1352,1352,1352,1080,1700,1700,1700,1700,208,2208,1028,4016,20,844,2224,300,840,420,200,140,224,100,204,1204,1104,1204,1104,424,500,644,1020,640,640,300,300,300,508,200,200,104,124,204,100,4,240,300,404,400,424,4,120,260,100,660,200,104,104,504,1200,104,0,500,500,500,20,200,124,200,0,120,100,700,600,200,100,120,0,320,200,0,440,20,0,1640,0,0,120,40,140,140,120,20,40,740,100,100,300,0,100,20,0,200,0,20,0,100,820,200,0,0,0,0,0,100,0,0,100,200,0,400,400,400,400,400,400,400,400,400,400,400,400,400,400,400,400,0,400,800,400,400,900,500,400,700,1800,300,200,600,600,100,200,0,540,500,500,400,300,100,200,0,0,0,0,0,0,0,300,0,0,100,100,600,0,0,100,200,300,500,120,100,700,800,300,0,0,400,100,0,0,0,0,0,0,0,0,0,0,0,0,0,0,0,0,0,100,0,0,100,100,0,0,0,0,0,0,0,0,0,0,120,0,0,0,0,0
23,Avengers,444,444,444,444,444,640,444,120,440,460,320,320,320,320,220,360,360,360,360,20,240,320,20,712,408,0,200,220,0,100,0,0,0,0,200,200,200,200,0,100,100,0,100,100,200,200,200,300,200,200,200,200,0,100,0,0,0,0,0,0,0,0,120,0,200,100,0,0,0,4,100,0,0,0,0,0,300,0,0,0,4,0,0,0,0,0,0,0,0,0,20,0,200,100,4,0,100,0,104,104,104,104,4,4,100,20,4,20,0,0,0,0,0,0,100,100,0,0,0,104,20,0,100,100,0,100,0,0,0,0,200,200,200,200,200,200,200,200,200,200,200,200,200,200,200,200,0,0,0,0,0,0,0,0,300,0,0,0,0,0,0,0,0,0,0,0,0,0,0,0,200,0,0,0,0,0,0,100,0,100,200,200,0,0,0,0,0,0,0,0,0,0,0,0,100,0,0,100,100,0,0,100,0,0,0,100,100,200,0,0,0,0,0,0,0,0,0,0,0,0,0,0,0,0,0,0,0,0,0,0,0,0,0,0,0,0
24,Henry McCoy,3368,3368,3352,3352,2736,9216,1812,1588,3244,3172,8416,8412,8412,8408,8088,1808,1788,1808,1788,40,2348,8056,844,408,9256,808,0,964,24,300,104,20,100,360,1588,1588,1588,1588,160,124,1124,500,940,940,160,144,144,168,144,144,220,320,120,400,220,140,0,120,100,344,124,120,280,100,504,120,460,240,140,504,480,120,0,0,0,200,720,824,200,0,140,104,1104,1104,504,804,604,20,140,200,1920,48,0,144,972,20,44,220,1160,1260,1260,1260,260,1160,1324,844,24,124,920,320,0,20,424,20,44,2000,140,1520,0,44,20,100,680,0,100,0,0,100,804,404,3384,3384,3384,3384,3304,3304,3304,3304,3464,3464,3464,3464,3384,3384,3384,3384,240,120,604,300,420,300,400,200,7524,1324,0,0,500,300,400,200,300,20,20,0,0,0,940,2100,3240,200,300,700,600,200,700,400,400,2480,4320,4320,920,500,400,0,0,20,120,100,100,1120,300,400,1200,100,1200,2800,2500,100,0,0,0,0,0,2500,2700,3000,0,0,0,100,0,0,0,100,0,0,100,100,700,1120,1120,1100,700,700,700,700,700,800,100,0,0,0,0,0
25,Moira MacTaggert (Earth-TRN748),4980,4980,4980,4980,4404,3464,3700,1648,4600,4504,1288,1288,1268,1268,1220,3704,3704,3704,3704,104,3548,680,2224,0,808,6516,200,1224,608,500,244,204,100,524,1548,1548,1548,1548,304,520,1728,1220,524,524,520,404,304,704,304,304,104,224,104,300,4,200,300,324,320,624,204,320,1164,0,2000,200,604,304,524,700,104,200,500,500,500,420,200,724,520,500,600,300,1200,1100,500,700,420,300,720,400,100,648,120,204,1524,100,600,540,1660,1260,1260,1640,1240,1280,124,620,200,1100,0,200,0,100,300,100,640,0,200,1320,100,440,0,200,920,0,0,200,0,300,600,100,300,300,300,300,300,300,300,300,300,300,300,300,300,300,300,300,100,420,120,20,20,100,20,20,500,1520,900,700,200,20,400,200,400,120,420,400,400,300,0,0,100,200,100,200,200,220,0,0,200,0,200,200,920,0,0,300,400,420,520,300,100,1020,1500,600,0,100,500,400,400,200,0,0,0,0,0,0,100,100,0,0,0,100,0,0,0,0,0,0,0,0,0,0,0,0,0,0,0,0,0,0,300,0,100,100,0,0
26,Shi'ar Imperial Fleet,700,700,700,700,700,700,700,400,700,700,100,100,100,100,0,700,700,700,700,0,300,0,300,200,0,200,700,620,0,100,0,0,0,0,220,220,220,220,0,200,100,100,200,200,400,400,200,500,300,300,200,200,100,300,0,0,0,0,0,0,0,0,100,0,400,0,0,0,0,0,0,0,0,0,0,0,300,0,0,0,0,0,0,0,0,0,0,0,0,0,0,100,300,200,0,0,0,0,0,0,0,0,0,0,0,0,0,0,0,0,0,0,0,0,0,0,0,0,0,0,0,0,0,0,0,0,0,0,0,0,0,0,0,0,0,0,0,0,0,0,0,0,0,0,0,0,0,0,0,0,0,0,0,0,0,0,0,0,0,0,0,0,0,0,0,0,0,0,0,0,0,0,0,0,0,0,0,0,0,0,0,0,0,0,0,0,0,0,0,0,0,0,0,0,0,0,0,0,0,0,0,0,0,0,0,0,0,0,0,0,0,0,0,0,0,0,0,0,0,0,0,0,0,0,0,0,0,0,0,0,0,0,0,0,0,0
27,Lilandra Neramani,4104,4104,4024,4024,3804,3600,3700,1184,3680,4080,700,700,700,700,580,4400,4400,4300,4300,120,1644,260,840,220,964,1224,620,4820,204,600,100,240,100,424,1424,1424,1424,1424,240,540,1020,300,700,700,2020,1804,1204,2364,1804,1704,840,1060,720,720,120,320,200,220,200,440,120,120,1200,20,2180,100,444,124,20,4,20,104,0,0,0,120,320,160,620,120,420,200,220,220,120,120,140,20,100,0,100,1624,740,904,864,120,700,520,1120,1120,1120,1120,1120,1120,724,120,120,120,0,0,400,20,40,20,424,0,104,300,0,520,0,200,500,0,0,0,0,300,20,20,220,220,220,220,220,220,220,220,220,220,220,220,220,220,220,220,100,0,20,0,0,0,0,0,120,304,100,100,0,0,0,0,0,0,0,0,0,0,0,0,100,0,0,0,0,0,0,0,0,100,100,100,300,0,0,100,0,0,0,120,100,0,0,0,0,0,300,0,0,200,0,0,0,0,0,0,0,0,0,0,0,0,0,0,0,0,0,0,0,0,0,0,0,0,100,100,100,100,100,0,120,20,20,0,0,0
28,Jimaine Szardos,1540,1540,1540,1540,1440,880,1460,340,1140,1540,104,104,104,104,220,1140,1140,1140,1140,0,724,120,420,0,24,608,0,204,1812,100,100,100,0,300,24,24,24,24,100,0,304,100,104,104,20,4,4,204,4,4,0,0,0,0,0,100,200,520,520,40,200,120,444,0,844,300,300,100,200,0,200,200,400,400,400,0,100,300,520,100,220,200,400,300,300,300,300,0,320,100,200,104,0,4,620,0,0,240,140,40,40,20,20,140,240,500,400,500,100,400,0,0,100,0,20,100,0,400,100,0,0,0,0,0,0,0,0,100,200,100,20,20,20,20,20,20,20,20,20,20,20,20,20,20,20,20,0,200,0,0,0,0,0,0,0,100,200,200,0,0,0,0,0,120,300,300,300,200,0,0,0,0,0,0,0,0,0,0,0,0,0,0,200,0,0,200,300,200,200,20,0,300,300,100,0,0,100,0,0,0,0,0,0,0,0,0,0,0,0,0,0,0,0,0,0,0,0,0,0,0,0,0,0,0,0,0,0,0,0,0,20,0,0,0,0,0
29,Peter Corbeau,1100,1100,1100,1100,1100,1100,1100,200,1100,1100,600,600,600,600,220,1000,1000,1000,1000,0,700,0,200,100,300,500,100,600,100,1100,100,300,0,200,540,540,540,540,200,100,200,0,200,200,400,400,300,400,400,400,200,320,200,300,0,0,0,0,0,0,100,0,200,0,300,0,100,100,0,0,0,0,0,0,0,120,200,20,0,0,0,100,100,100,0,0,20,0,100,0,0,300,20,0,100,0,0,0,0,0,0,0,0,0,0,0,0,0,0,0,0,0,0,0,0,0,0,0,0,0,0,0,0,0,0,0,0,0,0,0,0,0,0,0,0,0,0,0,0,0,0,0,0,0,0,0,0,0,0,0,0,0,0,0,0,0,0,0,0,0,0,0,0,0,0,0,0,0,0,0,0,0,0,0,0,0,0,0,0,0,0,0,0,0,0,0,0,0,0,0,0,0,0,0,0,0,0,0,0,0,0,0,0,0,0,0,0,0,0,0,0,0,0,0,0,0,0,0,0,0,0,0,0,0,0,0,0,0,0,0,0,0,0,0,0,0
30,Nicholas Fury,500,500,500,500,204,304,100,4,500,424,340,340,340,340,100,204,204,204,204,0,360,100,140,0,104,244,0,100,100,100,720,200,500,100,0,0,0,0,100,0,200,100,0,0,0,0,0,0,0,0,100,100,100,0,100,24,0,0,0,0,0,0,0,0,0,100,100,0,40,4,0,100,20,20,20,0,0,100,0,0,0,100,100,100,0,0,0,100,0,100,0,116,200,0,404,0,0,0,0,200,200,0,0,100,4,20,0,0,0,0,0,0,200,0,0,0,0,360,0,0,0,0,0,0,200,0,0,200,0,0,200,200,200,200,200,200,200,200,200,200,200,200,200,200,200,200,0,40,0,0,0,0,0,0,200,280,20,0,0,0,0,0,0,4,40,20,20,20,0,100,0,0,0,0,0,0,0,0,0,0,0,0,400,0,0,0,0,20,20,0,0,160,140,200,0,100,300,200,0,0,0,0,0,0,0,0,0,0,0,0,100,100,100,100,200,200,200,100,200,200,0,0,0,0,0,0,0,0,0,0,0,0,0,0,200,20
31,Thomas Cassidy,740,740,740,740,720,620,720,224,720,720,204,204,204,204,20,420,420,420,420,4,704,20,224,0,20,204,0,240,100,300,200,1208,300,4,404,404,404,404,1024,200,124,100,20,20,100,100,100,100,100,100,104,104,104,0,104,0,200,204,200,104,304,100,0,0,20,0,4,4,4,20,4,0,0,0,0,0,0,104,0,0,0,100,0,0,0,0,0,100,0,300,0,0,0,0,20,0,0,0,0,500,500,0,0,200,0,0,0,0,0,0,0,0,100,0,0,0,0,0,0,0,0,0,0,0,500,0,0,0,0,0,500,500,500,500,500,500,500,500,500,500,500,500,500,500,500,500,0,0,0,0,0,0,0,0,0,20,0,0,0,0,0,0,0,0,0,0,0,0,0,0,0,0,0,0,0,0,0,0,0,0,0,0,0,0,0,0,0,0,0,0,0,0,0,0,0,100,0,340,0,0,0,0,0,0,0,0,0,0,0,0,100,100,100,100,200,500,300,300,500,500,0,0,0,0,0,0,0,0,0,0,0,0,0,0,400,120
32,"Strategic Homeland Intervention, Enforcement and Logistics Division",300,300,300,300,100,200,0,0,300,300,200,200,200,200,100,100,100,100,100,0,400,100,100,0,100,100,0,100,0,0,500,300,900,100,0,0,0,0,200,0,200,100,0,0,0,0,0,0,0,0,100,100,100,0,120,0,0,0,0,0,100,0,0,0,0,100,100,0,0,0,0,100,0,0,0,0,0,100,0,0,0,100,100,100,0,0,0,100,0,400,0,100,200,0,400,0,0,0,0,500,500,0,0,200,0,0,0,0,0,20,0,0,100,0,0,0,0,300,0,0,0,0,0,0,500,0,0,200,0,0,500,500,500,500,500,500,500,500,500,500,500,500,500,500,500,500,0,0,0,0,0,0,0,0,200,300,0,0,0,0,0,0,0,0,0,0,0,0,0,100,0,0,0,0,0,0,0,0,0,0,100,100,300,0,0,0,0,0,0,0,0,0,100,200,0,100,300,420,200,0,0,0,0,0,0,0,0,0,0,0,100,100,100,100,400,500,200,400,500,500,0,0,0,0,0,0,0,0,0,0,0,0,0,0,500,220
33,Hellfire Club,2464,2464,2384,2384,2384,1200,2000,508,1700,2260,744,744,744,744,560,1684,1684,1684,1684,4,444,160,204,0,360,524,0,424,300,200,100,4,100,4116,844,844,744,744,4,0,1004,100,20,20,100,100,100,100,100,100,4,4,4,100,4,20,0,4,0,724,104,120,1400,120,1460,2220,3208,1008,604,764,204,1604,200,200,200,500,500,4,200,120,520,0,0,0,0,0,0,0,100,0,300,400,0,100,1044,600,424,400,1920,1920,1920,1920,1920,1620,24,420,220,520,100,100,200,0,0,0,724,300,1724,0,0,1240,400,0,920,600,600,600,600,240,0,100,40,40,40,40,40,40,40,40,40,40,40,40,40,40,40,40,300,100,220,200,100,200,200,100,220,424,100,100,200,0,0,0,0,200,100,100,0,0,100,0,100,0,0,0,0,0,0,200,0,0,200,200,100,100,100,100,100,0,0,120,100,0,0,0,0,0,0,200,200,500,600,600,600,0,400,300,200,200,0,0,0,0,0,0,0,0,0,0,0,0,0,0,0,0,0,0,0,0,0,0,120,120,120,100,0,0
34,Phoenix Force,3708,3708,3708,3708,3608,3644,3320,1384,3708,3676,1676,1676,1676,1676,1104,2604,2604,2604,2604,104,2412,584,1204,200,1588,1548,220,1424,24,540,0,404,0,844,3656,3556,3556,3456,424,620,824,620,860,860,500,484,444,504,384,384,404,504,204,520,104,144,200,104,100,1048,104,160,40,100,744,340,724,604,524,540,204,120,120,120,120,300,220,24,0,120,280,4,20,20,20,20,20,20,40,0,100,108,0,4,588,0,0,180,120,120,120,120,20,120,384,120,0,100,0,0,20,20,20,0,20,120,100,100,0,0,0,0,20,0,0,0,0,100,20,20,524,524,524,524,524,524,524,524,540,540,540,540,540,540,540,540,0,120,300,0,200,200,200,100,540,520,0,0,104,300,0,0,0,4,20,20,20,20,100,0,240,0,0,0,0,0,0,100,0,100,200,200,120,0,0,20,0,20,20,140,120,0,0,100,0,0,100,120,200,0,0,0,0,0,0,140,120,240,0,0,0,0,0,0,0,0,0,0,0,0,20,0,0,0,0,0,0,0,0,0,140,0,0,0,0,0
35,Phoenix Force,3608,3608,3608,3608,3508,3644,3320,1284,3608,3576,1576,1576,1576,1576,1104,2504,2504,2504,2504,104,2412,584,1104,200,1588,1548,220,1424,24,540,0,404,0,844,3556,3556,3456,3456,424,620,824,620,760,760,500,484,444,504,384,384,404,504,204,520,104,144,200,104,100,1048,104,160,40,100,744,340,724,604,524,440,204,120,120,120,120,300,120,24,0,120,280,4,20,20,20,20,20,20,40,0,100,108,0,4,488,0,0,180,120,120,120,120,20,120,284,120,0,100,0,0,20,20,20,0,20,120,100,100,0,0,0,0,20,0,0,0,0,100,20,20,424,424,424,424,424,424,424,424,440,440,440,440,440,440,440,440,0,120,200,0,100,100,100,0,540,420,0,0,104,200,0,0,0,4,20,20,20,20,0,0,240,0,0,0,0,0,0,0,0,100,200,200,120,0,0,20,0,20,20,140,120,0,0,100,0,0,100,120,200,0,0,0,0,0,0,140,120,240,0,0,0,0,0,0,0,0,0,0,0,0,20,0,0,0,0,0,0,0,0,0,140,0,0,0,0,0
36,Phoenix Force,3608,3608,3608,3608,3508,3544,3220,1384,3608,3576,1576,1576,1576,1576,1104,2504,2504,2504,2504,104,2412,584,1204,200,1588,1548,220,1424,24,540,0,404,0,744,3556,3456,3556,3456,424,620,824,620,860,860,500,484,444,504,384,384,404,504,204,520,104,144,200,104,100,948,104,160,40,100,644,240,724,604,524,440,204,120,120,120,120,300,220,24,0,120,280,4,20,20,20,20,20,20,40,0,100,108,0,4,588,0,0,180,120,120,120,120,20,120,384,120,0,100,0,0,20,20,20,0,20,120,100,100,0,0,0,0,20,0,0,0,0,100,20,20,524,524,524,524,524,524,524,524,540,540,540,540,540,540,540,540,0,120,300,0,200,200,200,100,540,520,0,0,104,300,0,0,0,4,20,20,20,20,100,0,240,0,0,0,0,0,0,100,0,100,200,200,120,0,0,20,0,20,20,140,120,0,0,100,0,0,100,120,200,0,0,0,0,0,0,140,120,240,0,0,0,0,0,0,0,0,0,0,0,0,20,0,0,0,0,0,0,0,0,0,140,0,0,0,0,0
37,Phoenix Force,3508,3508,3508,3508,3408,3544,3220,1284,3508,3476,1476,1476,1476,1476,1104,2404,2404,2404,2404,104,2412,584,1104,200,1588,1548,220,1424,24,540,0,404,0,744,3456,3456,3456,3456,424,620,824,620,760,760,500,484,444,504,384,384,404,504,204,520,104,144,200,104,100,948,104,160,40,100,644,240,724,604,524,340,204,120,120,120,120,300,120,24,0,120,280,4,20,20,20,20,20,20,40,0,100,108,0,4,488,0,0,180,120,120,120,120,20,120,284,120,0,100,0,0,20,20,20,0,20,120,100,100,0,0,0,0,20,0,0,0,0,100,20,20,424,424,424,424,424,424,424,424,440,440,440,440,440,440,440,440,0,120,200,0,100,100,100,0,540,420,0,0,104,200,0,0,0,4,20,20,20,20,0,0,240,0,0,0,0,0,0,0,0,100,200,200,120,0,0,20,0,20,20,140,120,0,0,100,0,0,100,120,200,0,0,0,0,0,0,140,120,240,0,0,0,0,0,0,0,0,0,0,0,0,20,0,0,0,0,0,0,0,0,0,140,0,0,0,0,0
38,Cain Marko,1260,1260,1260,1260,1060,760,924,544,1060,1060,244,224,244,224,160,424,424,424,424,4,704,160,424,0,160,304,0,240,100,200,100,1024,200,4,424,424,424,424,1812,200,224,100,40,40,100,100,100,100,100,100,104,104,104,0,104,4,200,204,200,104,324,200,300,0,420,0,4,4,4,440,4,0,0,0,0,0,100,204,0,100,200,100,200,200,100,100,100,100,0,300,0,20,0,0,640,0,0,200,0,400,400,0,0,100,224,100,0,100,0,0,0,100,200,0,0,0,100,100,100,0,100,0,0,0,400,0,0,0,100,104,420,420,420,420,420,420,420,420,420,420,420,420,420,420,420,420,0,0,20,0,0,20,0,0,220,440,0,0,20,20,200,200,100,120,0,0,0,0,0,100,0,20,20,0,20,20,20,20,20,100,120,120,0,0,0,0,0,0,0,100,0,0,0,0,0,0,0,240,0,0,0,0,0,0,0,0,0,0,0,0,0,0,0,0,100,400,200,300,400,400,0,0,0,0,100,100,100,100,100,0,100,0,0,100,300,120
39,Mercedes Knight,1120,1120,1120,1120,1120,1120,1120,500,1120,1120,24,24,4,4,24,720,720,720,720,300,1020,24,500,100,124,520,200,540,0,100,0,200,0,0,620,620,620,620,200,1104,100,300,400,400,200,200,200,300,100,100,100,100,0,0,0,300,600,100,100,100,0,0,0,0,100,0,0,0,0,0,0,0,0,0,0,0,100,0,0,0,0,0,0,0,0,0,0,0,0,0,0,0,0,0,0,0,0,0,0,0,0,0,0,0,0,0,0,0,0,0,0,0,0,0,0,0,0,0,0,0,0,0,0,0,0,0,0,0,0,0,0,0,0,0,0,0,0,0,0,0,0,0,0,0,0,0,0,0,0,0,0,0,0,0,0,0,0,0,0,0,0,0,0,0,0,0,0,0,0,0,0,0,0,0,0,0,0,0,0,0,0,0,0,0,0,0,0,0,0,0,0,0,0,0,0,0,0,0,0,0,0,0,0,0,0,0,0,0,0,0,0,0,0,0,0,0,0,0,0,0,0,0,0,0,0,0,0,0,0,0,0,0,0,0,0,0
40,Max Eisenhardt,3424,3424,3344,3344,2604,2120,2064,544,2660,2924,788,788,788,788,824,2284,2284,2184,2184,4,1384,724,644,100,1124,1728,100,1020,304,200,200,124,200,1004,824,824,824,824,224,100,6424,304,324,324,700,600,500,700,500,500,204,204,204,100,24,20,0,24,20,224,4,20,2944,0,1884,1300,804,104,204,620,104,500,200,200,200,0,200,344,420,200,700,140,420,320,320,340,320,120,1040,120,220,620,300,300,1880,800,1420,600,3840,3360,3360,3440,3340,2860,340,560,240,640,0,40,200,120,240,20,2280,200,900,720,100,1760,100,220,2640,500,340,700,320,820,320,220,240,240,240,240,240,240,240,240,240,240,240,240,240,240,240,240,1020,300,460,340,260,300,340,240,720,920,1000,800,420,20,100,100,100,220,200,200,200,100,240,200,500,0,0,0,0,0,0,100,0,100,200,200,400,0,0,100,100,120,220,0,0,100,300,300,0,0,300,120,100,100,320,420,320,0,400,400,100,300,0,0,0,20,0,20,0,20,4,0,20,20,200,0,0,0,100,100,100,100,100,0,0,0,0,0,0,0
41,James Madrox,1120,1120,1120,1120,1120,1020,720,720,1120,1020,500,500,500,500,420,1000,1000,1000,1000,100,1020,400,1020,0,500,1220,100,300,100,0,100,100,100,100,620,620,620,620,100,300,304,1304,100,100,100,100,100,100,0,0,0,0,0,100,0,100,200,100,100,400,0,100,0,100,200,200,100,100,100,0,0,0,0,0,0,0,0,0,100,0,100,0,300,300,0,0,0,0,100,300,0,0,0,0,500,0,0,100,200,100,100,300,200,0,0,100,0,0,0,0,0,0,100,0,200,0,0,400,0,0,0,0,200,0,100,100,0,0,0,0,100,100,100,100,100,100,100,100,100,100,100,100,100,100,100,100,0,0,0,0,0,0,0,0,400,400,200,200,0,0,0,0,0,0,0,0,0,0,0,0,0,0,0,0,0,0,0,0,0,0,0,0,400,0,0,100,100,100,100,100,100,300,600,400,0,0,500,100,0,0,0,0,0,0,0,0,0,0,0,0,0,0,0,0,0,100,0,0,100,100,0,0,0,0,0,0,0,0,0,0,100,0,0,0,0,0
42,John Grey,1520,1520,1520,1520,1520,1640,1020,840,1620,1440,864,864,844,844,940,960,960,960,960,20,640,840,640,100,940,524,200,700,104,200,0,20,0,20,860,760,860,760,40,400,324,100,1804,1804,400,400,400,400,300,300,220,320,20,200,20,20,0,140,120,20,20,0,204,0,320,0,20,20,20,500,120,0,0,0,0,0,100,220,120,0,200,0,200,200,100,200,100,100,120,0,100,100,0,0,700,0,0,0,100,100,100,100,100,100,720,0,0,0,0,0,0,100,100,0,100,200,0,100,0,0,0,100,100,0,0,0,0,0,200,100,700,700,700,700,700,700,700,700,700,700,700,700,700,700,700,700,0,0,400,100,300,300,300,200,600,500,0,0,200,400,0,0,0,100,0,0,0,0,200,100,0,0,0,0,0,0,0,400,0,120,300,300,0,100,100,0,0,0,0,0,0,0,0,0,0,0,0,200,200,0,0,0,0,0,0,200,200,200,0,0,0,0,0,0,0,0,0,0,0,0,0,100,100,100,0,0,0,0,0,0,0,0,0,0,0,0
43,Elaine Grey,1520,1520,1520,1520,1520,1640,1020,840,1620,1440,864,864,844,844,940,960,960,960,960,20,640,840,640,100,940,524,200,700,104,200,0,20,0,20,860,760,860,760,40,400,324,100,1804,1804,400,400,400,400,300,300,220,320,20,200,20,20,0,140,120,20,20,0,204,0,320,0,20,20,20,500,120,0,0,0,0,0,100,220,120,0,200,0,200,200,100,200,100,100,120,0,100,100,0,0,700,0,0,0,100,100,100,100,100,100,720,0,0,0,0,0,0,100,100,0,100,200,0,100,0,0,0,100,100,0,0,0,0,0,200,100,700,700,700,700,700,700,700,700,700,700,700,700,700,700,700,700,0,0,400,100,300,300,300,200,600,500,0,0,200,400,0,0,0,100,0,0,0,0,200,100,0,0,0,0,0,0,0,400,0,120,300,300,0,100,100,0,0,0,0,0,0,0,0,0,0,0,0,200,200,0,0,0,0,0,0,200,200,200,0,0,0,0,0,0,0,0,0,0,0,0,0,100,100,100,0,0,0,0,0,0,0,0,0,0,0,0
44,Starjammers,1820,1820,1740,1740,1740,1540,1620,500,1720,1820,40,40,40,40,40,1900,1900,1800,1800,0,520,40,300,200,160,520,400,2020,20,400,0,100,0,100,500,500,500,500,100,200,700,100,400,400,2100,1820,1220,2020,1820,1720,500,620,400,300,0,100,0,0,0,200,0,100,800,0,1300,100,100,0,0,0,0,100,0,0,0,20,200,40,100,100,400,100,120,120,20,20,40,0,0,0,0,1240,420,820,640,100,400,400,600,600,600,600,600,600,400,20,20,20,0,0,100,0,20,0,400,0,100,100,0,400,0,200,500,0,0,0,0,100,20,20,120,120,120,120,120,120,120,120,120,120,120,120,120,120,120,120,100,0,20,0,0,0,0,0,20,100,100,100,0,0,0,0,0,0,0,0,0,0,0,0,100,0,0,0,0,0,0,0,0,0,0,0,100,0,0,100,0,0,0,100,100,0,0,0,0,0,100,0,0,0,0,0,0,0,0,0,0,0,0,0,0,0,0,0,0,0,0,0,0,0,0,0,0,0,0,0,0,0,0,0,100,0,0,0,0,0
